# Wavelength(um) Reflectance(%)
7.500000000000000000e-01 1.580211361514517526e-03
7.512512512512512508e-01 2.390851994550986098e-03
7.525025025025025016e-01 3.338641632004410876e-03
7.537537537537537524e-01 4.403577179532283670e-03
7.550050050050050032e-01 5.563389286705780826e-03
7.562562562562562540e-01 6.794092448271916822e-03
7.575075075075075048e-01 8.070551686251216036e-03
7.587587587587587556e-01 9.367049890209668689e-03
7.600100100100100065e-01 1.065784147177801892e-02
7.612612612612612573e-01 1.191767997903383364e-02
7.625125125125125081e-01 1.312230954173376242e-02
7.637637637637637589e-01 1.424891231372273255e-02
7.650150150150150097e-01 1.527650629942883809e-02
7.662662662662662605e-01 1.618628998173464104e-02
7.675175175175175113e-01 1.696193192665537697e-02
7.687687687687687621e-01 1.758980497800770315e-02
7.700200200200200129e-01 1.805916575607651245e-02
7.712712712712712637e-01 1.836228094889869392e-02
7.725225225225225145e-01 1.849450236574211315e-02
7.737737737737737653e-01 1.845429295814869641e-02
7.750250250250250161e-01 1.824320606326234814e-02
7.762762762762762669e-01 1.786582005073739793e-02
7.775275275275275177e-01 1.732963042236559600e-02
7.787787787787787686e-01 1.664490128318687340e-02
7.800300300300300194e-01 1.582447802804046871e-02
7.812812812812812702e-01 1.488356311266464220e-02
7.825325325325325210e-01 1.383945693645408440e-02
7.837837837837837718e-01 1.271126617451867960e-02
7.850350350350350226e-01 1.151958236507519967e-02
7.862862862862862734e-01 1.028613417470252388e-02
7.875375375375375242e-01 9.033417503857135017e-03
7.887887887887887750e-01 7.784308419284649734e-03
7.900400400400400258e-01 6.561664757173744748e-03
7.912912912912912766e-01 5.387923069950182990e-03
7.925425425425425274e-01 4.284698323525717480e-03
7.937937937937937782e-01 3.272394322446921678e-03
7.950450450450450290e-01 2.369833183682466815e-03
7.962962962962962798e-01 1.593912241473232098e-03
7.975475475475475307e-01 9.592965064261841897e-04
7.987987987987987815e-01 4.781542020384993235e-04
8.000500500500500323e-01 1.599419638113981829e-04
8.013013013013012831e-01 1.124503657063011819e-05
8.025525525525525339e-01 3.567629402584727766e-05
8.038038038038037847e-01 2.338362003757217273e-04
8.050550550550550355e-01 6.033340212958175066e-04
8.063063063063062863e-01 1.138868763878347857e-03
8.075575575575575371e-01 1.832366576250413475e-03
8.088088088088087879e-01 2.673169755835684384e-03
8.100600600600600387e-01 3.648271175956544713e-03
8.113113113113112895e-01 4.742586901082134279e-03
8.125625625625625403e-01 5.939259057365742916e-03
8.138138138138137911e-01 7.219980670149579900e-03
8.150650650650650419e-01 8.565334164588177257e-03
8.163163163163162928e-01 9.955135520485165757e-03
8.175675675675675436e-01 1.136877663311070506e-02
8.188188188188187944e-01 1.278555920238222919e-02
8.200700700700700452e-01 1.418501439169655466e-02
8.213213213213212960e-01 1.554720350218286896e-02
8.225725725725725468e-01 1.685299593884219752e-02
8.238238238238237976e-01 1.808432174919887350e-02
8.250750750750750484e-01 1.922439694908907939e-02
8.263263263263262992e-01 2.025792068078041339e-02
8.275775775775775500e-01 2.117124395324015973e-02
8.288288288288288008e-01 2.195251028092930906e-02
8.300800800800800516e-01 2.259176896317689753e-02
8.313313313313313024e-01 2.308106203618008265e-02
8.325825825825825532e-01 2.341448609554402233e-02
8.338338338338338041e-01 2.358823024541045060e-02
8.350850850850850549e-01 2.360059140025295293e-02
8.363363363363363057e-01 2.345196806890849014e-02
8.375875875875875565e-01 2.314483360965464975e-02
8.388388388388388073e-01 2.268368978220271920e-02
8.400900900900900581e-01 2.207500125840450647e-02
8.413413413413413089e-01 2.132711160765661529e-02
8.425925925925925597e-01 2.045014116263391135e-02
8.438438438438438105e-01 1.945586711064900554e-02
8.450950950950950613e-01 1.835758615712100236e-02
8.463463463463463121e-01 1.716996017840838676e-02
8.475975975975975629e-01 1.590884542590192269e-02
8.488488488488488137e-01 1.459110606197110832e-02
8.501001001001000645e-01 1.323441309697113641e-02
8.513513513513513153e-01 1.185703014648214343e-02
8.526026026026025662e-01 1.047758782626509975e-02
8.538538538538538170e-01 9.114849031994547157e-03
8.551051051051050678e-01 7.787467790880284180e-03
8.563563563563563186e-01 6.513744799247579709e-03
8.576076076076075694e-01 5.311383148625285072e-03
8.588588588588588202e-01 4.197248067078637561e-03
8.601101101101100710e-01 3.187134737685793848e-03
8.613613613613613218e-01 2.295548380186760232e-03
8.626126126126125726e-01 1.535500777252037227e-03
8.638638638638638234e-01 9.183272817075556439e-04
8.651151151151150742e-01 4.535280506017824471e-04
8.663663663663663250e-01 1.486368192248400694e-04
8.676176176176175758e-01 9.119964165756938560e-06
8.688688688688688266e-01 3.830792804913178988e-05
8.701201201201200774e-01 2.373603153927874524e-04
8.713713713713713283e-01 6.052651501030374345e-04
8.726226226226225791e-01 1.138871945006818742e-03
8.738738738738738299e-01 1.832957408346717627e-03
8.751251251251250807e-01 2.680321836222156889e-03
8.763763763763763315e-01 3.671913545294135540e-03
8.776276276276275823e-01 4.796978113403334819e-03
8.788788788788788331e-01 6.043228737280709022e-03
8.801301301301300839e-01 7.397033699022737170e-03
8.813813813813813347e-01 8.843616761408800916e-03
8.826326326326325855e-01 1.036726628379478626e-02
8.838838838838838363e-01 1.195154895572576696e-02
8.851351351351350871e-01 1.357952426927138551e-02
8.863863863863863379e-01 1.523395617380140198e-02
8.876376376376375887e-01 1.689751875607161530e-02
8.888888888888888395e-01 1.855299324040578582e-02
8.901401401401400904e-01 2.018345408498267018e-02
8.913913913913913412e-01 2.177244243866941625e-02
8.926426426426425920e-01 2.330412569884793283e-02
8.938938938938938428e-01 2.476344235759250084e-02
8.951451451451450936e-01 2.613623172826811183e-02
8.963963963963963444e-01 2.740934849750105776e-02
8.976476476476475952e-01 2.857076234247040922e-02
8.988988988988988460e-01 2.960964308767795664e-02
9.001501501501500968e-01 3.051643204873345436e-02
9.014014014014013476e-01 3.128290032555337136e-02
9.026526526526525984e-01 3.190219486790264042e-02
9.039039039039038492e-01 3.236887314802995574e-02
9.051551551551551000e-01 3.267892724482508726e-02
9.064064064064063508e-01 3.282979807867732192e-02
9.076576576576576016e-01 3.282038044349051831e-02
9.089089089089088525e-01 3.265101936966939566e-02
9.101601601601601033e-01 3.232349822671547884e-02
9.114114114114113541e-01 3.184101884349581357e-02
9.126626626626626049e-01 3.120817379505173503e-02
9.139139139139138557e-01 3.043091088335793740e-02
9.151651651651651065e-01 2.951648973161715567e-02
9.164164164164163573e-01 2.847343032288724915e-02
9.176676676676676081e-01 2.731145324889582005e-02
9.189189189189188589e-01 2.604141139803751656e-02
9.201701701701701097e-01 2.467521280624423649e-02
9.214214214214213605e-01 2.322573442337041300e-02
9.226726726726726113e-01 2.170672661265673695e-02
9.239239239239238621e-01 2.013270830239191969e-02
9.251751751751751129e-01 1.851885284648330243e-02
9.264264264264263637e-01 1.688086482232965813e-02
9.276776776776776146e-01 1.523484819673026625e-02
9.289289289289288654e-01 1.359716651859155592e-02
9.301801801801801162e-01 1.198429604437945516e-02
9.314314314314313670e-01 1.041267296060831640e-02
9.326826826826826178e-01 8.898536127827596023e-03
9.339339339339338686e-01 7.457767022202214588e-03
9.351851851851851194e-01 6.105728782780063361e-03
9.364364364364363702e-01 4.857106473620463084e-03
9.376876876876876210e-01 3.725750829091495873e-03
9.389389389389388718e-01 2.724527857703976010e-03
9.401901901901901226e-01 1.865176726205741665e-03
9.414414414414413734e-01 1.158178324721541481e-03
9.426926926926926242e-01 6.126368215051989979e-04
9.439439439439438750e-01 2.361763513405531643e-04
9.451951951951951258e-01 3.485474698001790877e-05
9.464464464464463767e-01 1.309592372645879385e-05
9.476976976976976275e-01 1.736421719560241560e-04
9.489489489489488783e-01 5.175272124833063883e-04
9.502002002002001291e-01 1.044070438878282698e-03
9.514514514514514909e-01 1.750892324459004138e-03
9.527027027027027417e-01 2.633950525808383732e-03
9.539539539539539925e-01 3.687595785345775500e-03
9.552052052052052433e-01 4.904646337903419140e-03
9.564564564564564941e-01 6.276479173907903442e-03
9.577077077077077449e-01 7.793136215860761544e-03
9.589589589589589957e-01 9.443443233682484103e-03
9.602102102102102466e-01 1.121513916344611672e-02
9.614614614614614974e-01 1.309501340505369281e-02
9.627127127127127482e-01 1.506904865646358296e-02
9.639639639639639990e-01 1.712256689116224695e-02
9.652152152152152498e-01 1.924037619531124982e-02
9.664664664664665006e-01 2.140691634305539118e-02
9.677177177177177514e-01 2.360640119311383303e-02
9.689689689689690022e-01 2.582295622659170134e-02
9.702202202202202530e-01 2.804074980418645724e-02
9.714714714714715038e-01 3.024411699030793779e-02
9.727227227227227546e-01 3.241767506241313018e-02
9.739739739739740054e-01 3.454643008747718125e-02
9.752252252252252562e-01 3.661587419667292759e-02
9.764764764764765070e-01 3.861207341817601141e-02
9.777277277277277578e-01 4.052174613202681741e-02
9.789789789789790087e-01 4.233233238723140002e-02
9.802302302302302595e-01 4.403205446800793899e-02
9.814814814814815103e-01 4.560996921273188787e-02
9.827327327327327611e-01 4.705601267619331785e-02
9.839839839839840119e-01 4.836103778441525058e-02
9.852352352352352627e-01 4.951684566340285032e-02
9.864864864864865135e-01 5.051621133104568229e-02
9.877377377377377643e-01 5.135290442753778078e-02
9.889889889889890151e-01 5.202170562680377697e-02
9.902402402402402659e-01 5.251841932223164089e-02
9.914914914914915167e-01 5.283988311716223546e-02
9.927427427427427675e-01 5.298397457662478577e-02
9.939939939939940183e-01 5.294961561410192752e-02
9.952452452452452691e-01 5.273677479789890682e-02
9.964964964964965199e-01 5.234646776803111856e-02
9.977477477477477708e-01 5.178075585836644512e-02
9.989989989989990216e-01 5.104274292186829903e-02
1.000250250250250161e+00 5.013657026093431418e-02
1.001501501501501412e+00 4.906740947169544592e-02
1.002752752752752663e+00 4.784145292246305692e-02
1.004004004004003914e+00 4.646590150399190072e-02
1.005255255255255165e+00 4.494894921469749782e-02
1.006506506506506415e+00 4.329976407927595833e-02
1.007757757757757666e+00 4.152846484630488832e-02
1.009009009009008917e+00 3.964609287137950411e-02
1.010260260260260168e+00 3.766457856919564612e-02
1.011511511511511419e+00 3.559670181286524182e-02
1.012762762762762669e+00 3.345604567351101455e-02
1.014014014014013920e+00 3.125694292975526173e-02
1.015265265265265171e+00 2.901441483655601422e-02
1.016516516516516422e+00 2.674410172710798769e-02
1.017767767767767673e+00 2.446218513085495622e-02
1.019019019019018923e+00 2.218530122492628348e-02
1.020270270270270174e+00 1.993044559472338662e-02
1.021521521521521425e+00 1.771486946008080446e-02
1.022772772772772676e+00 1.555596772364486492e-02
1.024024024024023927e+00 1.347115941392047246e-02
1.025275275275275177e+00 1.147776132188866455e-02
1.026526526526526428e+00 9.592855861068267861e-03
1.027777777777777679e+00 7.833154409507568638e-03
1.029029029029028930e+00 6.214857610585192496e-03
1.030280280280280181e+00 4.753514309528045038e-03
1.031531531531531432e+00 3.463880975683722094e-03
1.032782782782782682e+00 2.359783598624611966e-03
1.034034034034033933e+00 1.453984141430787400e-03
1.035285285285285184e+00 7.580536803501705841e-04
1.036536536536536435e+00 2.822543513396883657e-04
1.037787787787787686e+00 3.543215733517193170e-05
1.039039039039038936e+00 2.492256430970663222e-05
1.040290290290290187e+00 2.564706303650636033e-04
1.041541541541541438e+00 7.341671738327758441e-04
1.042792792792792689e+00 1.460402199608487476e-03
1.044044044044043940e+00 2.435836475873183991e-03
1.045295295295295190e+00 3.659391796047879210e-03
1.046546546546546441e+00 5.128260084790911208e-03
1.047797797797797692e+00 6.837931124518839034e-03
1.049049049049048943e+00 8.782238303089487039e-03
1.050300300300300194e+00 1.095342142633073772e-02
1.051551551551551444e+00 1.334220531269189082e-02
1.052802802802802695e+00 1.593789260144536785e-02
1.054054054054053946e+00 1.872846896893817434e-02
1.055305305305305197e+00 2.170071876533320732e-02
1.056556556556556448e+00 2.484034896078319080e-02
1.057807807807807698e+00 2.813211922621229946e-02
1.059059059059058949e+00 3.155997596865579846e-02
1.060310310310310200e+00 3.510718819112313566e-02
1.061561561561561451e+00 3.875648314702825892e-02
1.062812812812812702e+00 4.249017990268275785e-02
1.064064064064063952e+00 4.629031910061448540e-02
1.065315315315315203e+00 5.013878742314228920e-02
1.066566566566566454e+00 5.401743548131820311e-02
1.067817817817817705e+00 5.790818809082341756e-02
1.069069069069068956e+00 6.179314613580999538e-02
1.070320320320320207e+00 6.565467945717860798e-02
1.071571571571571457e+00 6.947551042739394389e-02
1.072822822822822708e+00 7.323878808465494883e-02
1.074074074074073959e+00 7.692815289150599367e-02
1.075325325325325210e+00 8.052779235394165458e-02
1.076576576576576461e+00 8.402248788531477275e-02
1.077827827827827711e+00 8.739765342421761118e-02
1.079079079079078962e+00 9.063936641714527565e-02
1.080330330330330213e+00 9.373439185613394176e-02
1.081581581581581464e+00 9.667020012007887519e-02
1.082832832832832715e+00 9.943497940790703427e-02
1.084084084084083965e+00 1.020176435743206378e-01
1.085335335335335216e+00 1.044078361866037363e-01
1.086586586586586467e+00 1.065959316162912451e-01
1.087837837837837718e+00 1.085730339644654791e-01
1.089089089089088969e+00 1.103309745961444377e-01
1.090340340340340219e+00 1.118623090294965372e-01
1.091591591591591470e+00 1.131603138910739076e-01
1.092842842842842721e+00 1.142189846102469736e-01
1.094094094094093972e+00 1.150330344856847625e-01
1.095345345345345223e+00 1.155978957147654751e-01
1.096596596596596473e+00 1.159097229338355989e-01
1.097847847847847724e+00 1.159653997734292619e-01
1.099099099099098975e+00 1.157625488879096276e-01
1.100350350350350226e+00 1.152995458732042483e-01
1.101601601601601477e+00 1.145755374388160580e-01
1.102852852852852727e+00 1.135904641503309442e-01
1.104104104104103978e+00 1.123450880052011824e-01
1.105355355355355229e+00 1.108410250464532537e-01
1.106606606606606480e+00 1.090807831547394025e-01
1.107857857857857731e+00 1.070678050872946319e-01
1.109109109109108982e+00 1.048065167511474938e-01
1.110360360360360232e+00 1.023023806056154034e-01
1.111611611611611483e+00 9.956195398386459561e-02
1.112862862862862734e+00 9.659295200330098030e-02
1.114114114114113985e+00 9.340431459816478377e-02
1.115365365365365236e+00 9.000627705335803586e-02
1.116616616616616486e+00 8.641044324517511976e-02
1.117867867867867737e+00 8.262986060154356438e-02
1.119119119119118988e+00 7.867909558161226280e-02
1.120370370370370239e+00 7.457430824302321848e-02
1.121621621621621490e+00 7.033332421686269709e-02
1.122872872872872740e+00 6.597570214855869031e-02
1.124124124124123991e+00 6.152279439282155871e-02
1.125375375375375242e+00 5.699779847895383722e-02
1.126626626626626493e+00 5.242579659844196632e-02
1.127877877877877744e+00 4.783378012097216220e-02
1.129129129129128994e+00 4.325065593136192404e-02
1.130380380380380245e+00 3.870723121447308679e-02
1.131631631631631496e+00 3.423617321598924207e-02
1.132882882882882747e+00 2.987194049382847078e-02
1.134134134134133998e+00 2.565068226900865320e-02
1.135385385385385248e+00 2.161010270694666696e-02
1.136636636636636499e+00 1.778928733065728365e-02
1.137887887887887750e+00 1.422848930340549906e-02
1.139139139139139001e+00 1.096887403313445003e-02
1.140390390390390252e+00 8.052221450898192079e-03
1.141641641641641503e+00 5.520586398607022459e-03
1.142892892892892753e+00 3.415918815047915003e-03
1.144144144144144004e+00 1.779646808682800807e-03
1.145395395395395255e+00 6.522272128800617923e-04
1.146646646646646506e+00 7.266978231198189663e-05
1.147897897897897757e+00 7.804274320328231864e-05
1.149149149149149007e+00 7.029688791819797096e-04
1.150400400400400258e+00 1.979122634847996481e-03
1.151651651651651731e+00 3.934739764060802940e-03
1.152902902902902982e+00 6.594151755080216587e-03
1.154154154154154233e+00 9.977357554946495941e-03
1.155405405405405483e+00 1.409964493170552322e-02
1.156656656656656734e+00 1.897127311841537156e-02
1.157907907907907985e+00 2.459722716823953617e-02
1.159159159159159236e+00 3.097705273744850649e-02
1.160410410410410487e+00 3.810477785737909073e-02
1.161661661661661737e+00 4.596892574291765871e-02
1.162912912912912988e+00 5.455261992576718177e-02
1.164164164164164239e+00 6.383378012739031326e-02
1.165415415415415490e+00 7.378540444114885244e-02
1.166666666666666741e+00 8.437593071856239191e-02
1.167917917917917991e+00 9.556966768326524697e-02
1.169169169169169242e+00 1.073272843413349414e-01
1.170420420420420493e+00 1.196063448036106674e-01
1.171671671671671744e+00 1.323618747378557670e-01
1.172922922922922995e+00 1.455469453432539084e-01
1.174174174174174246e+00 1.591132609711970181e-01
1.175425425425425496e+00 1.730117372562165190e-01
1.176676676676676747e+00 1.871930577970802867e-01
1.177927927927927998e+00 2.016081989492479742e-01
1.179179179179179249e+00 2.162089140546994137e-01
1.180430430430430500e+00 2.309481703403759856e-01
1.181681681681681750e+00 2.457805336621054215e-01
1.182932932932933001e+00 2.606624981685188303e-01
1.184184184184184252e+00 2.755527597341758672e-01
1.185435435435435503e+00 2.904124336047495536e-01
1.186686686686686754e+00 3.052052180699136863e-01
1.187937937937938004e+00 3.198975071081077148e-01
1.189189189189189255e+00 3.344584558240242811e-01
1.190440440440440506e+00 3.488600031305614246e-01
1.191691691691691757e+00 3.630768565275578896e-01
1.192942942942943008e+00 3.770864440239819482e-01
1.194194194194194258e+00 3.908688382668849548e-01
1.195445445445445509e+00 4.044066578095043551e-01
1.196696696696696760e+00 4.176849502046565688e-01
1.197947947947948011e+00 4.306910612763911184e-01
1.199199199199199262e+00 4.434144945313366892e-01
1.200450450450450512e+00 4.558467642443118639e-01
1.201701701701701763e+00 4.679812453115376192e-01
1.202952952952953014e+00 4.798130225254581549e-01
1.204204204204204265e+00 4.913387415010014858e-01
1.205455455455455516e+00 5.025564630833455615e-01
1.206706706706706766e+00 5.134655226990126886e-01
1.207957957957958017e+00 5.240663957790094862e-01
1.209209209209209268e+00 5.343605700871059128e-01
1.210460460460460519e+00 5.443504255283221349e-01
1.211711711711711770e+00 5.540391217912858934e-01
1.212962962962963021e+00 5.634304939916230381e-01
1.214214214214214271e+00 5.725289563289986949e-01
1.215465465465465522e+00 5.813394136453712280e-01
1.216716716716716773e+00 5.898671806729537392e-01
1.217967967967968024e+00 5.981179086842527415e-01
1.219219219219219275e+00 6.060975192004119938e-01
1.220470470470470525e+00 6.138121443747811545e-01
1.221721721721721776e+00 6.212680736435733930e-01
1.222972972972973027e+00 6.284717062223074135e-01
1.224224224224224278e+00 6.354295090229422627e-01
1.225475475475475529e+00 6.421479795706824811e-01
1.226726726726726779e+00 6.486336135093025979e-01
1.227977977977978030e+00 6.548928762982897389e-01
1.229229229229229281e+00 6.609321787229274214e-01
1.230480480480480532e+00 6.667578558583659998e-01
1.231731731731731783e+00 6.723761491503720267e-01
1.232982982982983033e+00 6.777931912975535544e-01
1.234234234234234284e+00 6.830149936424454449e-01
1.235485485485485535e+00 6.880474358010819635e-01
1.236736736736736786e+00 6.928962572823216259e-01
1.237987987987988037e+00 6.975670508695286376e-01
1.239239239239239287e+00 7.020652575564668707e-01
1.240490490490490538e+00 7.063961628491315370e-01
1.241741741741741789e+00 7.105648942622784237e-01
1.242992992992993040e+00 7.145764198564058534e-01
1.244244244244244291e+00 7.184355476762018800e-01
1.245495495495495542e+00 7.221469259657847806e-01
1.246746746746746792e+00 7.257150440490952592e-01
1.247997997997998043e+00 7.291442337758327064e-01
1.249249249249249294e+00 7.324386714442758795e-01
1.250500500500500545e+00 7.356023801222517644e-01
1.251751751751751796e+00 7.386392322966022217e-01
1.253003003003003046e+00 7.415529527896385087e-01
1.254254254254254297e+00 7.443471218884399887e-01
1.255505505505505548e+00 7.470251786395194493e-01
1.256756756756756799e+00 7.495904242673007145e-01
1.258008008008008050e+00 7.520460256802037335e-01
1.259259259259259300e+00 7.543950190329153926e-01
1.260510510510510551e+00 7.566403133176329288e-01
1.261761761761761802e+00 7.587846939609220742e-01
1.263013013013013053e+00 7.608308264061169890e-01
1.264264264264264304e+00 7.627812596642399301e-01
1.265515515515515554e+00 7.646384298190089801e-01
1.266766766766766805e+00 7.664046634738466146e-01
1.268018018018018056e+00 7.680821811308616853e-01
1.269269269269269307e+00 7.696731004935591924e-01
1.270520520520520558e+00 7.711794396866296086e-01
1.271771771771771808e+00 7.726031203875399767e-01
1.273023023023023059e+00 7.739459708658575909e-01
1.274274274274274310e+00 7.752097289272895653e-01
1.275525525525525561e+00 7.763960447603240889e-01
1.276776776776776812e+00 7.775064836841456550e-01
1.278028028028028062e+00 7.785425287971671215e-01
1.279279279279279313e+00 7.795055835261235355e-01
1.280530530530530564e+00 7.803969740761266261e-01
1.281781781781781815e+00 7.812179517825420527e-01
1.283033033033033066e+00 7.819696953658694660e-01
1.284284284284284317e+00 7.826533130911296210e-01
1.285535535535535567e+00 7.832698448334813879e-01
1.286786786786786818e+00 7.838202640520275377e-01
1.288038038038038069e+00 7.843054796739001855e-01
1.289289289289289320e+00 7.847263378908703180e-01
1.290540540540540571e+00 7.850836238708209791e-01
1.291791791791791821e+00 7.853780633865127259e-01
1.293043043043043072e+00 7.856103243641159306e-01
1.294294294294294323e+00 7.857810183540367976e-01
1.295545545545545574e+00 7.858907019266021532e-01
1.296796796796796825e+00 7.859398779951533021e-01
1.298048048048048075e+00 7.859289970691507587e-01
1.299299299299299326e+00 7.858584584398501383e-01
1.300550550550550577e+00 7.857286113011321405e-01
1.301801801801801828e+00 7.855397558080471354e-01
1.303053053053053079e+00 7.852921440756230886e-01
1.304304304304304329e+00 7.849859811204807913e-01
1.305555555555555580e+00 7.846214257477691634e-01
1.306806806806806831e+00 7.841985913859390589e-01
1.308058058058058082e+00 7.837175468718490245e-01
1.309309309309309333e+00 7.831783171886961270e-01
1.310560560560560583e+00 7.825808841592434284e-01
1.311811811811811834e+00 7.819251870968431106e-01
1.313063063063063085e+00 7.812111234167173901e-01
1.314314314314314336e+00 7.804385492100019972e-01
1.315565565565565587e+00 7.796072797830512213e-01
1.316816816816816837e+00 7.787170901645232846e-01
1.318068068068068088e+00 7.777677155827974476e-01
1.319319319319319339e+00 7.767588519163028948e-01
1.320570570570570590e+00 7.756901561193781935e-01
1.321821821821821841e+00 7.745612466263324114e-01
1.323073073073073092e+00 7.733717037364292723e-01
1.324324324324324342e+00 7.721210699825846735e-01
1.325575575575575593e+00 7.708088504866406065e-01
1.326826826826826844e+00 7.694345133041565754e-01
1.328078078078078095e+00 7.679974897617642959e-01
1.329329329329329346e+00 7.664971747902111776e-01
1.330580580580580596e+00 7.649329272563580862e-01
1.331831831831831847e+00 7.633040702974945857e-01
1.333083083083083098e+00 7.616098916614784109e-01
1.334334334334334349e+00 7.598496440563590193e-01
1.335585585585585600e+00 7.580225455132774126e-01
1.336836836836836850e+00 7.561277797666212663e-01
1.338088088088088101e+00 7.541644966555778318e-01
1.339339339339339352e+00 7.521318125514234731e-01
1.340590590590590603e+00 7.500288108150842126e-01
1.341841841841841854e+00 7.478545422897102668e-01
1.343093093093093104e+00 7.456080258332352662e-01
1.344344344344344355e+00 7.432882488961155554e-01
1.345595595595595606e+00 7.408941681496908904e-01
1.346846846846846857e+00 7.384247101708654171e-01
1.348098098098098108e+00 7.358787721890542866e-01
1.349349349349349358e+00 7.332552229016289225e-01
1.350600600600600609e+00 7.305529033643574088e-01
1.351851851851851860e+00 7.277706279636300124e-01
1.353103103103103111e+00 7.249071854775372969e-01
1.354354354354354362e+00 7.219613402331765961e-01
1.355605605605605612e+00 7.189318333678381689e-01
1.356856856856856863e+00 7.158173842020325583e-01
1.358108108108108114e+00 7.126166917325953420e-01
1.359359359359359365e+00 7.093284362544078903e-01
1.360610610610610616e+00 7.059512811195316484e-01
1.361861861861861867e+00 7.024838746428265779e-01
1.363113113113113117e+00 6.989248521633826261e-01
1.364364364364364368e+00 6.952728382712926036e-01
1.365615615615615619e+00 6.915264492095190008e-01
1.366866866866866870e+00 6.876842954607899072e-01
1.368118118118118121e+00 6.837449845295434647e-01
1.369369369369369371e+00 6.797071239291072597e-01
1.370620620620620622e+00 6.755693243842610940e-01
1.371871871871871873e+00 6.713302032593748692e-01
1.373123123123123124e+00 6.669883882222171767e-01
1.374374374374374375e+00 6.625425211533318981e-01
1.375625625625625625e+00 6.579912623107181391e-01
1.376876876876876876e+00 6.533332947591257156e-01
1.378128128128128127e+00 6.485673290729077056e-01
1.379379379379379378e+00 6.436921083207707284e-01
1.380630630630630629e+00 6.387064133400919275e-01
1.381881881881881879e+00 6.336090683076733843e-01
1.383133133133133130e+00 6.283989466127660739e-01
1.384384384384384381e+00 6.230749770370926921e-01
1.385635635635635632e+00 6.176361502453260321e-01
1.386886886886886883e+00 6.120815255878501171e-01
1.388138138138138133e+00 6.064102382160292404e-01
1.389389389389389384e+00 6.006215065082366467e-01
1.390640640640640635e+00 5.947146398027420844e-01
1.391891891891891886e+00 5.886890464311851368e-01
1.393143143143143137e+00 5.825442420437336732e-01
1.394394394394394388e+00 5.762798582141207548e-01
1.395645645645645638e+00 5.698956513096815613e-01
1.396896896896896889e+00 5.633915116080342456e-01
1.398148148148148140e+00 5.567674726385080097e-01
1.399399399399399391e+00 5.500237207224424330e-01
1.400650650650650642e+00 5.431606046823868050e-01
1.401901901901901892e+00 5.361786456858949057e-01
1.403153153153153143e+00 5.290785471849729360e-01
1.404404404404404394e+00 5.218612049075390669e-01
1.405655655655655645e+00 5.145277168523492151e-01
1.406906906906906896e+00 5.070793932337566146e-01
1.408158158158158146e+00 4.995177663176754712e-01
1.409409409409409397e+00 4.918446000848955557e-01
1.410660660660660648e+00 4.840618996528981421e-01
1.411911911911911899e+00 4.761719203823271962e-01
1.413163163163163150e+00 4.681771765894307546e-01
1.414414414414414400e+00 4.600804497813351657e-01
1.415665665665665651e+00 4.518847963267692003e-01
1.416916916916916902e+00 4.435935544711394063e-01
1.418168168168168153e+00 4.352103506016978818e-01
1.419419419419419404e+00 4.267391046659542719e-01
1.420670670670670654e+00 4.181840346447688317e-01
1.421921921921921905e+00 4.095496599806270344e-01
1.423173173173173156e+00 4.008408038616683711e-01
1.424424424424424407e+00 3.920625942632698369e-01
1.425675675675675658e+00 3.832204636512459572e-01
1.426926926926926908e+00 3.743201472544489539e-01
1.428178178178178159e+00 3.653676798195106823e-01
1.429429429429429410e+00 3.563693907668979421e-01
1.430680680680680661e+00 3.473318976753897447e-01
1.431931931931931912e+00 3.382620980314670067e-01
1.433183183183183163e+00 3.291671591910781403e-01
1.434434434434434413e+00 3.200545065136788381e-01
1.435685685685685664e+00 3.109318096422726829e-01
1.436936936936936915e+00 3.018069669185182158e-01
1.438188188188188166e+00 2.926880879383992329e-01
1.439439439439439417e+00 2.835834742715965806e-01
1.440690690690690667e+00 2.745015983862904574e-01
1.441941941941941918e+00 2.654510808403153233e-01
1.443193193193193169e+00 2.564406658194434141e-01
1.444444444444444420e+00 2.474791951234556753e-01
1.445695695695695671e+00 2.385755807206033918e-01
1.446946946946946921e+00 2.297387760105588372e-01
1.448198198198198172e+00 2.209777459547040135e-01
1.449449449449449423e+00 2.123014362503662100e-01
1.450700700700700674e+00 2.037187417419684954e-01
1.451951951951951925e+00 1.952384742766476999e-01
1.453203203203203175e+00 1.868693302245898469e-01
1.454454454454454426e+00 1.786198578945714377e-01
1.455705705705705677e+00 1.704984250829967019e-01
1.456956956956956928e+00 1.625131869996855605e-01
1.458208208208208179e+00 1.546720548156668984e-01
1.459459459459459429e+00 1.469826650772368404e-01
1.460710710710710680e+00 1.394523502263215198e-01
1.461961961961961931e+00 1.320881104599000433e-01
1.463213213213213182e+00 1.248965871508790626e-01
1.464464464464464433e+00 1.178840380393954140e-01
1.465715715715715683e+00 1.110563143874776504e-01
1.466966966966966934e+00 1.044188402712523389e-01
1.468218218218218185e+00 9.797659416395862464e-02
1.469469469469469436e+00 9.173409294016834914e-02
1.470720720720720687e+00 8.569537840711931309e-02
1.471971971971971938e+00 7.986400644347491085e-02
1.473223223223223188e+00 7.424303879943802698e-02
1.474474474474474439e+00 6.883503758539190331e-02
1.475725725725725690e+00 6.364206244966069681e-02
1.476976976976976941e+00 5.866567041981615022e-02
1.478228228228228192e+00 5.390691835672694471e-02
1.479479479479479442e+00 4.936636794663377265e-02
1.480730730730730693e+00 4.504409313407521653e-02
1.481981981981981944e+00 4.093968987811622690e-02
1.483233233233233195e+00 3.705228809588365091e-02
1.484484484484484446e+00 3.338056564147678235e-02
1.485735735735735696e+00 2.992276415471930781e-02
1.486986986986986947e+00 2.667670660325347290e-02
1.488238238238238198e+00 2.363981633308790201e-02
1.489489489489489449e+00 2.080913743692042184e-02
1.490740740740740700e+00 1.818135624628526917e-02
1.491991991991991950e+00 1.575282375277712796e-02
1.493243243243243201e+00 1.351957876505945066e-02
1.494494494494494452e+00 1.147737161201006426e-02
1.495745745745745703e+00 9.621688207916357510e-03
1.496996996996996954e+00 7.947774302925579917e-03
1.498248248248248204e+00 6.450659750792539331e-03
1.499499499499499455e+00 5.125182636028123226e-03
1.500750750750750706e+00 3.966013113708611107e-03
1.502002002002001957e+00 2.967676827136290704e-03
1.503253253253253208e+00 2.124577781059590158e-03
1.504504504504504458e+00 1.431020561064481411e-03
1.505755755755755709e+00 8.812318027898647559e-04
1.507007007007006960e+00 4.693808276582247608e-04
1.508258258258258211e+00 1.895993746575248243e-04
1.509509509509509462e+00 3.600037021312646576e-05
1.510760760760760713e+00 2.695690232185273649e-06
1.512012012012011963e+00 8.381287987026647928e-05
1.513263263263263214e+00 2.735108073758411255e-04
1.514514514514514465e+00 5.659942384454005795e-04
1.515765765765765716e+00 9.555273268179397504e-04
1.517017017017016967e+00 1.436446025319896647e-03
1.518268268268268217e+00 2.003169429221059693e-03
1.519519519519519468e+00 2.650210070579809857e-03
1.520770770770770719e+00 3.372183188239736250e-03
1.522022022022021970e+00 4.163815003323221436e-03
1.523273273273273221e+00 5.019950034465972197e-03
1.524524524524524471e+00 5.935557490689918544e-03
1.525775775775775722e+00 6.905736782768102065e-03
1.527027027027026973e+00 7.925722196225315139e-03
1.528278278278278224e+00 8.990886770808514256e-03
1.529529529529529475e+00 1.009674543238573557e-02
1.530780780780780725e+00 1.123895742385430836e-02
1.532032032032031976e+00 1.241332808181332126e-02
1.533283283283283227e+00 1.361581000550716493e-02
1.534534534534534478e+00 1.484250366396696122e-02
1.535785785785785729e+00 1.608965748637619306e-02
1.537037037037036979e+00 1.735366747952511030e-02
1.538288288288288230e+00 1.863107641484332277e-02
1.539539539539539481e+00 1.991857262594231431e-02
1.540790790790790732e+00 2.121298845589092083e-02
1.542042042042041983e+00 2.251129839164639837e-02
1.543293293293293234e+00 2.381061692115620312e-02
1.544544544544544484e+00 2.510819614671374114e-02
1.545795795795795735e+00 2.640142318616753997e-02
1.547047047047046986e+00 2.768781739159939873e-02
1.548298298298298237e+00 2.896502741312502113e-02
1.549549549549549488e+00 3.023082813350838616e-02
1.550800800800800738e+00 3.148311749738964826e-02
1.552052052052052211e+00 3.271991325705762843e-02
1.553303303303303462e+00 3.393934965490875283e-02
1.554554554554554713e+00 3.513967406100915875e-02
1.555805805805805964e+00 3.631924358250771673e-02
1.557057057057057214e+00 3.747652166008504787e-02
1.558308308308308465e+00 3.861007466511666431e-02
1.559559559559559716e+00 3.971856850981028697e-02
1.560810810810810967e+00 4.080076528125431423e-02
1.562062062062062218e+00 4.185551990905015535e-02
1.563313313313313468e+00 4.288177687503984953e-02
1.564564564564564719e+00 4.387856697255275440e-02
1.565815815815815970e+00 4.484500412157384208e-02
1.567067067067067221e+00 4.578028224531163759e-02
1.568318318318318472e+00 4.668367221277743701e-02
1.569569569569569722e+00 4.755451885118973376e-02
1.570820820820820973e+00 4.839223803130347779e-02
1.572072072072072224e+00 4.919631382809015741e-02
1.573323323323323475e+00 4.996629575860109251e-02
1.574574574574574726e+00 5.070179609829909145e-02
1.575825825825825977e+00 5.140248727664985945e-02
1.577077077077077227e+00 5.206809935232593889e-02
1.578328328328328478e+00 5.269841756798313709e-02
1.579579579579579729e+00 5.329327998421175966e-02
1.580830830830830980e+00 5.385257519196344489e-02
1.582082082082082231e+00 5.437624010247452122e-02
1.583333333333333481e+00 5.486425781347239322e-02
1.584584584584584732e+00 5.531665555024599390e-02
1.585835835835835983e+00 5.573350267998047891e-02
1.587087087087087234e+00 5.611490879761237699e-02
1.588338338338338485e+00 5.646102188133308997e-02
1.589589589589589735e+00 5.677202651576455233e-02
1.590840840840840986e+00 5.704814218075519167e-02
1.592092092092092237e+00 5.728962160367297857e-02
1.593343343343343488e+00 5.749674917303242844e-02
1.594594594594594739e+00 5.766983941125685548e-02
1.595845845845845989e+00 5.780923550436131014e-02
1.597097097097097240e+00 5.791530788633663523e-02
1.598348348348348491e+00 5.798845287601796239e-02
1.599599599599599742e+00 5.802909136423951841e-02
1.600850850850850993e+00 5.803766754909920472e-02
1.602102102102102243e+00 5.801464771718843616e-02
1.603353353353353494e+00 5.796051906868188164e-02
1.604604604604604745e+00 5.787578858422418732e-02
1.605855855855855996e+00 5.776098193160161126e-02
1.607107107107107247e+00 5.761664241023906063e-02
1.608358358358358497e+00 5.744332993162067774e-02
1.609609609609609748e+00 5.724162003379280883e-02
1.610860860860860999e+00 5.701210292817057712e-02
1.612112112112112250e+00 5.675538257693622107e-02
1.613363363363363501e+00 5.647207579938196692e-02
1.614614614614614752e+00 5.616281140562117552e-02
1.615865865865866002e+00 5.582822935615879695e-02
1.617117117117117253e+00 5.546897994588267933e-02
1.618368368368368504e+00 5.508572301110940816e-02
1.619619619619619755e+00 5.467912715838459115e-02
1.620870870870871006e+00 5.424986901381344956e-02
1.622122122122122256e+00 5.379863249176205370e-02
1.623373373373373507e+00 5.332610808184256451e-02
1.624624624624624758e+00 5.283299215316317188e-02
1.625875875875876009e+00 5.231998627489075487e-02
1.627127127127127260e+00 5.178779655224288736e-02
1.628378378378378510e+00 5.123713297708790831e-02
1.629629629629629761e+00 5.066870879240002734e-02
1.630880880880881012e+00 5.008323986987738008e-02
1.632132132132132263e+00 4.948144410009090027e-02
1.633383383383383514e+00 4.886404079459421429e-02
1.634634634634634764e+00 4.823175009948299508e-02
1.635885885885886015e+00 4.758529241994453873e-02
1.637137137137137266e+00 4.692538785539944468e-02
1.638388388388388517e+00 4.625275564488191132e-02
1.639639639639639768e+00 4.556811362236479201e-02
1.640890890890891018e+00 4.487217768177664129e-02
1.642142142142142269e+00 4.416566125150860056e-02
1.643393393393393520e+00 4.344927477825352019e-02
1.644644644644644771e+00 4.272372522006017553e-02
1.645895895895896022e+00 4.198971554852772708e-02
1.647147147147147273e+00 4.124794426010228859e-02
1.648398398398398523e+00 4.049910489647521455e-02
1.649649649649649774e+00 3.974388557411299289e-02
1.650900900900901025e+00 3.898296852298452353e-02
1.652152152152152276e+00 3.821702963457491303e-02
1.653403403403403527e+00 3.744673801930935991e-02
1.654654654654654777e+00 3.667275557352633886e-02
1.655905905905906028e+00 3.589573655616797726e-02
1.657157157157157279e+00 3.511632717537482851e-02
1.658408408408408530e+00 3.433516518518452132e-02
1.659659659659659781e+00 3.355287949255673224e-02
1.660910910910911031e+00 3.277008977495463743e-02
1.662162162162162282e+00 3.198740610872313067e-02
1.663413413413413533e+00 3.120542860852114353e-02
1.664664664664664784e+00 3.042474707805777057e-02
1.665915915915916035e+00 2.964594067240165429e-02
1.667167167167167285e+00 2.886957757212298831e-02
1.668418418418418536e+00 2.809621466953357571e-02
1.669669669669669787e+00 2.732639726729148982e-02
1.670920920920921038e+00 2.656065878962230592e-02
1.672172172172172289e+00 2.579952050641888192e-02
1.673423423423423539e+00 2.504349127045820203e-02
1.674674674674674790e+00 2.429306726797758609e-02
1.675925925925926041e+00 2.354873178283608051e-02
1.677177177177177292e+00 2.281095497447279893e-02
1.678428428428428543e+00 2.208019366986501558e-02
1.679679679679679793e+00 2.135689116967251153e-02
1.680930930930931044e+00 2.064147706873417296e-02
1.682182182182182295e+00 1.993436709107134983e-02
1.683433433433433546e+00 1.923596293952980693e-02
1.684684684684684797e+00 1.854665216017246931e-02
1.685935935935936048e+00 1.786680802151850711e-02
1.687187187187187298e+00 1.719678940869742712e-02
1.688438438438438549e+00 1.653694073256847807e-02
1.689689689689689800e+00 1.588759185383288239e-02
1.690940940940941051e+00 1.524905802214087183e-02
1.692192192192192302e+00 1.462163983017572728e-02
1.693443443443443552e+00 1.400562318266960690e-02
1.694694694694694803e+00 1.340127928028350679e-02
1.695945945945946054e+00 1.280886461826254846e-02
1.697197197197197305e+00 1.222862099974748699e-02
1.698448448448448556e+00 1.166077556360602292e-02
1.699699699699699806e+00 1.110554082662019298e-02
1.700950950950951057e+00 1.056311473984346792e-02
1.702202202202202308e+00 1.003368075891983117e-02
1.703453453453453559e+00 9.517407928132631811e-03
1.704704704704704810e+00 9.014450977930563158e-03
1.705955955955956060e+00 8.524950435657225462e-03
1.707207207207207311e+00 8.049032749189203098e-03
1.708458458458458562e+00 7.586810423168725143e-03
1.709709709709709813e+00 7.138382167498896237e-03
1.710960960960961064e+00 6.703833057749992476e-03
1.712212212212212314e+00 6.283234707109859769e-03
1.713463463463463565e+00 5.876645449495288866e-03
1.714714714714714816e+00 5.484110533426037222e-03
1.715965965965966067e+00 5.105662326250415967e-03
1.717217217217217318e+00 4.741320528297389598e-03
1.718468468468468568e+00 4.391092396520451108e-03
1.719719719719719819e+00 4.054972977186438107e-03
1.720970970970971070e+00 3.732945347156047065e-03
1.722222222222222321e+00 3.424980863291206528e-03
1.723473473473473572e+00 3.131039419521728078e-03
1.724724724724724823e+00 2.851069711095719546e-03
1.725975975975976073e+00 2.585009505535080469e-03
1.727227227227227324e+00 2.332785919813807132e-03
1.728478478478478575e+00 2.094315703275085542e-03
1.729729729729729826e+00 1.869505525803193775e-03
1.730980980980981077e+00 1.658252270765695272e-03
1.732232232232232327e+00 1.460443332242635167e-03
1.733483483483483578e+00 1.275956916064077858e-03
1.734734734734734829e+00 1.104662344178164229e-03
1.735985985985986080e+00 9.464203618785942650e-04
1.737237237237237331e+00 8.010834474258332139e-04
1.738488488488488581e+00 6.684961236010550411e-04
1.739739739739739832e+00 5.484952707420959238e-04
1.740990990990991083e+00 4.409104408166024370e-04
1.742242242242242334e+00 3.455641720975885945e-04
1.743493493493493585e+00 2.622723040164961941e-04
1.744744744744744835e+00 1.908442917788576306e-04
1.745995995995996086e+00 1.310835203390195306e-04
1.747247247247247337e+00 8.278761734219310445e-05
1.748498498498498588e+00 4.574876465394446144e-05
1.749749749749749839e+00 1.975400811029793630e-05
1.751001001001001089e+00 4.585565134573498616e-06
1.752252252252252340e+00 2.112988059485100543e-08
1.753503503503503591e+00 5.834175575864641912e-06
1.754754754754754842e+00 2.179425375224629157e-05
1.756006006006006093e+00 4.766729006615396042e-05
1.757257257257257343e+00 8.321587642478111917e-05
1.758508508508508594e+00 1.281995591494598981e-04
1.759759759759759845e+00 1.823751229220279451e-04
1.761011011011011096e+00 2.454968702751066946e-04
1.762262262262262347e+00 3.173168964014047599e-04
1.763513513513513598e+00 3.975853590726794633e-04
1.764764764764764848e+00 4.860507434729314635e-04
1.766016016016016099e+00 5.824601217656068513e-04
1.767267267267267350e+00 6.865594072285159883e-04
1.768518518518518601e+00 7.980936028047448585e-04
1.769769769769769852e+00 9.168070439314793913e-04
1.771021021021021102e+00 1.042443635523121427e-03
1.772272272272272353e+00 1.174747082997653963e-03
1.773523523523523604e+00 1.313461117249378534e-03
1.774774774774774855e+00 1.458329713483500975e-03
1.776026026026026106e+00 1.609097303840445513e-03
1.777277277277277356e+00 1.765508983750807212e-03
1.778528528528528607e+00 1.927310711973035219e-03
1.779779779779779858e+00 2.094249504277197974e-03
1.781031031031031109e+00 2.266073620750756312e-03
1.782282282282282360e+00 2.442532746709960220e-03
1.783533533533533610e+00 2.623378167214899907e-03
1.784784784784784861e+00 2.808362935192310755e-03
1.786036036036036112e+00 2.997242033181031062e-03
1.787287287287287363e+00 3.189772528725583287e-03
1.788538538538538614e+00 3.385713723448494084e-03
1.789789789789789864e+00 3.584827295843755809e-03
1.791041041041041115e+00 3.786877437838751491e-03
1.792292292292292366e+00 3.991630985180110586e-03
1.793543543543543617e+00 4.198857541706845463e-03
1.794794794794794868e+00 4.408329597578806644e-03
1.796046046046046119e+00 4.619822641535336130e-03
1.797297297297297369e+00 4.833115267264853285e-03
1.798548548548548620e+00 5.047989273970304031e-03
1.799799799799799871e+00 5.264229761221757113e-03
1.801051051051051122e+00 5.481625218189190192e-03
1.802302302302302373e+00 5.699967607355873288e-03
1.803553553553553623e+00 5.919052442813755449e-03
1.804804804804804874e+00 6.138678863245570355e-03
1.806056056056056125e+00 6.358649699704507080e-03
1.807307307307307376e+00 6.578771538299869708e-03
1.808558558558558627e+00 6.798854777903137747e-03
1.809809809809809877e+00 7.018713682990774388e-03
1.811061061061061128e+00 7.238166431738385365e-03
1.812312312312312379e+00 7.457035159486083940e-03
1.813563563563563630e+00 7.675145997694366763e-03
1.814814814814814881e+00 7.892329108509385516e-03
1.816066066066066131e+00 8.108418715059909770e-03
1.817317317317317382e+00 8.323253127605831359e-03
1.818568568568568633e+00 8.536674765659172520e-03
1.819819819819819884e+00 8.748530176200404115e-03
1.821071071071071135e+00 8.958670048107880701e-03
1.822322322322322385e+00 9.166949222923020946e-03
1.823573573573573636e+00 9.373226702069437435e-03
1.824824824824824887e+00 9.577365650644520043e-03
1.826076076076076138e+00 9.779233397902348246e-03
1.827327327327327389e+00 9.978701434542023435e-03
1.828578578578578639e+00 1.017564540691908923e-02
1.829829829829829890e+00 1.036994510829223476e-02
1.831081081081081141e+00 1.056148446721722790e-02
1.832332332332332392e+00 1.075015153319989689e-02
1.833583583583583643e+00 1.093583845971574618e-02
1.834834834834834894e+00 1.111844148470392084e-02
1.836086086086086144e+00 1.129786090864044919e-02
1.837337337337337395e+00 1.147400107029326703e-02
1.838588588588588646e+00 1.164677032026159055e-02
1.839839839839839897e+00 1.181608099239704439e-02
1.841091091091091148e+00 1.198184937320453773e-02
1.842342342342342398e+00 1.214399566931792171e-02
1.843593593593593649e+00 1.230244397314133979e-02
1.844844844844844900e+00 1.245712222674912745e-02
1.846096096096096151e+00 1.260796218413052540e-02
1.847347347347347402e+00 1.275489937186582469e-02
1.848598598598598652e+00 1.289787304831793539e-02
1.849849849849849903e+00 1.303682616142028995e-02
1.851101101101101154e+00 1.317170530514085933e-02
1.852352352352352405e+00 1.330246067469870175e-02
1.853603603603603656e+00 1.342904602060852881e-02
1.854854854854854906e+00 1.355141860162502494e-02
1.856106106106106157e+00 1.366953913665798492e-02
1.857357357357357408e+00 1.378337175572608847e-02
1.858608608608608659e+00 1.389288395001584200e-02
1.859859859859859910e+00 1.399804652110894949e-02
1.861111111111111160e+00 1.409883352944056936e-02
1.862362362362362411e+00 1.419522224204815448e-02
1.863613613613613662e+00 1.428719307966872659e-02
1.864864864864864913e+00 1.437472956324019509e-02
1.866116116116116164e+00 1.445781825986079336e-02
1.867367367367367414e+00 1.453644872825904377e-02
1.868618618618618665e+00 1.461061346382353313e-02
1.869869869869869916e+00 1.468030784324166754e-02
1.871121121121121167e+00 1.474553006879342210e-02
1.872372372372372418e+00 1.480628111234530420e-02
1.873623623623623669e+00 1.486256465908748770e-02
1.874874874874874919e+00 1.491438705105556026e-02
1.876126126126126170e+00 1.496175723047703070e-02
1.877377377377377421e+00 1.500468668298084174e-02
1.878628628628628672e+00 1.504318938070665738e-02
1.879879879879879923e+00 1.507728172534959776e-02
1.881131131131131173e+00 1.510698249117411324e-02
1.882382382382382424e+00 1.513231276802990723e-02
1.883633633633633675e+00 1.515329590440087602e-02
1.884884884884884926e+00 1.516995745051755162e-02
1.886136136136136177e+00 1.518232510156124031e-02
1.887387387387387427e+00 1.519042864098809134e-02
1.888638638638638678e+00 1.519429988399883559e-02
1.889889889889889929e+00 1.519397262118019065e-02
1.891141141141141180e+00 1.518948256234172074e-02
1.892392392392392431e+00 1.518086728057150940e-02
1.893643643643643681e+00 1.516816615653291365e-02
1.894894894894894932e+00 1.515142032302367776e-02
1.896146146146146183e+00 1.513067260981767678e-02
1.897397397397397434e+00 1.510596748880880386e-02
1.898648648648648685e+00 1.507735101947577788e-02
1.899899899899899935e+00 1.504487079468536798e-02
1.901151151151151186e+00 1.500857588685147043e-02
1.902402402402402437e+00 1.496851679446600629e-02
1.903653653653653688e+00 1.492474538901737875e-02
1.904904904904904939e+00 1.487731486231144012e-02
1.906156156156156189e+00 1.482627967420902144e-02
1.907407407407407440e+00 1.477169550079388168e-02
1.908658658658658691e+00 1.471361918298376946e-02
1.909909909909909942e+00 1.465210867559754541e-02
1.911161161161161193e+00 1.458722299688958689e-02
1.912412412412412444e+00 1.451902217856339619e-02
1.913663663663663694e+00 1.444756721627511557e-02
1.914914914914914945e+00 1.437292002063696866e-02
1.916166166166166196e+00 1.429514336873135248e-02
1.917417417417417447e+00 1.421430085614402115e-02
1.918668668668668698e+00 1.413045684952638978e-02
1.919919919919919948e+00 1.404367643969484103e-02
1.921171171171171199e+00 1.395402539527576188e-02
1.922422422422422450e+00 1.386157011690410980e-02
1.923673673673673701e+00 1.376637759198284273e-02
1.924924924924924952e+00 1.366851535001062726e-02
1.926176176176176202e+00 1.356805141848455715e-02
1.927427427427427453e+00 1.346505427938438776e-02
1.928678678678678704e+00 1.335959282624474449e-02
1.929929929929929955e+00 1.325173632182097792e-02
1.931181181181181206e+00 1.314155435635442487e-02
1.932432432432432456e+00 1.302911680644256581e-02
1.933683683683683707e+00 1.291449379451878494e-02
1.934934934934934958e+00 1.279775564894744706e-02
1.936186186186186209e+00 1.267897286473779542e-02
1.937437437437437460e+00 1.255821606488181225e-02
1.938688688688688710e+00 1.243555596231993472e-02
1.939939939939939961e+00 1.231106332253855372e-02
1.941191191191191212e+00 1.218480892680268678e-02
1.942442442442442463e+00 1.205686353602781688e-02
1.943693693693693714e+00 1.192729785529366912e-02
1.944944944944944965e+00 1.179618249900299225e-02
1.946196196196196215e+00 1.166358795668826810e-02
1.947447447447447466e+00 1.152958455946897359e-02
1.948698698698698717e+00 1.139424244716161737e-02
1.949949949949949968e+00 1.125763153604487227e-02
1.951201201201201219e+00 1.111982148728170132e-02
1.952452452452452469e+00 1.098088167600028316e-02
1.953703703703703720e+00 1.084088116103511246e-02
1.954954954954954971e+00 1.069988865533035884e-02
1.956206206206206222e+00 1.055797249700559867e-02
1.957457457457457473e+00 1.041520062108595296e-02
1.958708708708708723e+00 1.027164053189648894e-02
1.959959959959959974e+00 1.012735927612215710e-02
1.961211211211211225e+00 9.982423416533594759e-03
1.962462462462462476e+00 9.836899006378522353e-03
1.963713713713713727e+00 9.690851564439200566e-03
1.964964964964964977e+00 9.544346050755599803e-03
1.966216216216216228e+00 9.397446843013667825e-03
1.967467467467467479e+00 9.250217713598738942e-03
1.968718718718718730e+00 9.102721807312514832e-03
1.969969969969969981e+00 8.955021619753122594e-03
1.971221221221221231e+00 8.807178976356942052e-03
1.972472472472472482e+00 8.659255012100536969e-03
1.973723723723723733e+00 8.511310151861928644e-03
1.974974974974974984e+00 8.363404091438479682e-03
1.976226226226226235e+00 8.215595779219450265e-03
1.977477477477477485e+00 8.067943398512203435e-03
1.978728728728728736e+00 7.920504350518014006e-03
1.979979979979979987e+00 7.773335237956147982e-03
1.981231231231231238e+00 7.626491849332965936e-03
1.982482482482482489e+00 7.480029143852670245e-03
1.983733733733733740e+00 7.334001236967297062e-03
1.984984984984984990e+00 7.188461386562091521e-03
1.986236236236236241e+00 7.043461979772210405e-03
1.987487487487487492e+00 6.899054520428328854e-03
1.988738738738738743e+00 6.755289617125451694e-03
1.989989989989989994e+00 6.612216971912075747e-03
1.991241241241241244e+00 6.469885369594615201e-03
1.992492492492492495e+00 6.328342667652519030e-03
1.993743743743743746e+00 6.187635786760009929e-03
1.994994994994994997e+00 6.047810701908245753e-03
1.996246246246246248e+00 5.908912434124120004e-03
1.997497497497497498e+00 5.770985042779053914e-03
1.998748748748748749e+00 5.634071618483111991e-03
2.000000000000000000e+00 5.498214276558706891e-03
