# Wavelength(um) Reflectance(%)
7.500000000000000000e-01 1.616334525758370347e-02
7.512512512512512508e-01 1.578085010599722740e-02
7.525025025025025016e-01 1.531056397844189100e-02
7.537537537537537524e-01 1.475834907434858331e-02
7.550050050050050032e-01 1.413096842053813973e-02
7.562562562562562540e-01 1.343600686449645219e-02
7.575075075075075048e-01 1.268178460265837609e-02
7.587587587587587556e-01 1.187726387275405034e-02
7.600100100100100065e-01 1.103194950274342251e-02
7.612612612612612573e-01 1.015578408591833945e-02
7.625125125125125081e-01 9.259038639777086160e-03
7.637637637637637589e-01 8.352199701718810917e-03
7.650150150150150097e-01 7.445853913158001144e-03
7.662662662662662605e-01 6.550571240402822473e-03
7.675175175175175113e-01 5.676788070249500981e-03
7.687687687687687621e-01 4.834691495257617370e-03
7.700200200200200129e-01 4.034106162699883057e-03
7.712712712712712637e-01 3.284385097252806411e-03
7.725225225225225145e-01 2.594305916250820750e-03
7.737737737737737653e-01 1.971973834362289891e-03
7.750250250250250161e-01 1.424732799551511973e-03
7.762762762762762669e-01 9.590860132066748476e-04
7.775275275275275177e-01 5.806269647873482046e-04
7.787787787787787686e-01 2.939819572080450485e-04
7.800300300300300194e-01 1.027649167929216159e-04
7.812812812812812702e-01 9.545075685544731218e-06
7.825325325325325210e-01 1.582789088146301104e-05
7.837837837837837718e-01 1.220493292243142566e-04
7.850350350350350226e-01 3.275834089734440293e-04
7.862862862862862734e-01 6.307626533148722424e-04
7.875375375375375242e-01 1.028910886696226277e-03
7.887887887887887750e-01 1.518387597875228657e-03
7.900400400400400258e-01 2.094642910029198557e-03
7.912912912912912766e-01 2.752282043072554196e-03
7.925425425425425274e-01 3.485138030121167317e-03
7.937937937937937782e-01 4.286351361103246140e-03
7.950450450450450290e-01 5.148455172755907368e-03
7.962962962962962798e-01 6.063464585185743792e-03
7.975475475475475307e-01 7.022968799121577163e-03
7.987987987987987815e-01 8.018224612147864527e-03
8.000500500500500323e-01 9.040250082925542843e-03
8.013013013013012831e-01 1.007991716537330086e-02
8.025525525525525339e-01 1.112804224528483529e-02
8.038038038038037847e-01 1.217547363502103144e-02
8.050550550550550355e-01 1.321317521291141134e-02
8.063063063063062863e-01 1.423230552823777015e-02
8.075575575575575371e-01 1.522429182595998534e-02
8.088088088088087879e-01 1.618089857400529033e-02
8.100600600600600387e-01 1.709429019688299065e-02
8.113113113113112895e-01 1.795708783016505480e-02
8.125625625625625403e-01 1.876242000917475658e-02
8.138138138138137911e-01 1.950396729087128939e-02
8.150650650650650419e-01 2.017600087980857618e-02
8.163163163163162928e-01 2.077341538710452198e-02
8.175675675675675436e-01 2.129175589596635568e-02
8.188188188188187944e-01 2.172723953923299048e-02
8.200700700700700452e-01 2.207677181468549812e-02
8.213213213213212960e-01 2.233795787382739442e-02
8.225725725725725468e-01 2.250910902091009247e-02
8.238238238238237976e-01 2.258924465271759316e-02
8.250750750750750484e-01 2.257808985762932430e-02
8.263263263263262992e-01 2.247606887634154282e-02
8.275775775775775500e-01 2.228429460789287803e-02
8.288288288288288008e-01 2.200455432478897258e-02
8.300800800800800516e-01 2.163929174142517620e-02
8.313313313313313024e-01 2.119158556192132781e-02
8.325825825825825532e-01 2.066512461802870806e-02
8.338338338338338041e-01 2.006417969590395048e-02
8.350850850850850549e-01 1.939357214308063890e-02
8.363363363363363057e-01 1.865863934452736267e-02
8.375875875875875565e-01 1.786519715971796041e-02
8.388388388388388073e-01 1.701949942141324501e-02
8.400900900900900581e-01 1.612819461143456118e-02
8.413413413413413089e-01 1.519827984896756669e-02
8.425925925925925597e-01 1.423705235254753981e-02
8.438438438438438105e-01 1.325205856731630737e-02
8.450950950950950613e-01 1.225104118369820839e-02
8.463463463463463121e-01 1.124188431141792677e-02
8.475975975975975629e-01 1.023255711272394973e-02
8.488488488488488137e-01 9.231056239580981426e-03
8.501001001001000645e-01 8.245347460136597320e-03
8.513513513513513153e-01 7.283306898560790686e-03
8.526026026026025662e-01 6.352662347946349056e-03
8.538538538538538170e-01 5.460935146931461016e-03
8.551051051051050678e-01 4.615383135653513408e-03
8.563563563563563186e-01 3.822945224308966702e-03
8.576076076076075694e-01 3.090188116831402414e-03
8.588588588588588202e-01 2.423255732098756211e-03
8.601101101101100710e-01 1.827821854948256160e-03
8.613613613613613218e-01 1.309046528732844741e-03
8.626126126126125726e-01 8.715366700936091936e-04
8.638638638638638234e-01 5.193113453047726790e-04
8.651151151151150742e-01 2.557720965338630735e-04
8.663663663663663250e-01 8.367864655083833401e-05
8.676176176176175758e-01 5.130243003397370955e-06
8.688688688688688266e-01 2.155282981110105480e-05
8.701201201201200774e-01 1.336921551873603378e-04
8.713713713713713283e-01 3.416128451012846149e-04
8.726226226226225791e-01 6.447033895643690957e-04
8.738738738738738299e-01 1.041686908911942022e-03
8.751251251251250807e-01 1.530637490149064405e-03
8.763763763763763315e-01 2.109001811229597491e-03
8.776276276276275823e-01 2.773625705456665355e-03
8.788788788788788331e-01 3.520785260417954796e-03
8.801301301301300839e-01 4.346221997129182980e-03
8.813813813813813347e-01 5.245181636180183855e-03
8.826326326326325855e-01 6.212455929170466670e-03
8.838838838838838363e-01 7.242427015793911384e-03
8.851351351351350871e-01 8.329113759469097822e-03
8.863863863863863379e-01 9.466219517023029967e-03
8.876376376376375887e-01 1.064718080997800048e-02
8.888888888888888395e-01 1.186521638559001092e-02
8.901401401401400904e-01 1.311337618392589138e-02
8.913913913913913412e-01 1.438458976175048531e-02
8.926426426426425920e-01 1.567171376362573240e-02
8.938938938938938428e-01 1.696757807407600974e-02
8.951451451451450936e-01 1.826503033073135357e-02
8.963963963963963444e-01 1.955697852576173193e-02
8.976476476476475952e-01 2.083643147054808908e-02
8.988988988988988460e-01 2.209653694534678345e-02
9.001501501501500968e-01 2.333061740078757815e-02
9.014014014014013476e-01 2.453220312061986721e-02
9.026526526526525984e-01 2.569506279455006925e-02
9.039039039039038492e-01 2.681323148580876461e-02
9.051551551551551000e-01 2.788103600987300659e-02
9.064064064064063508e-01 2.889311776836170007e-02
9.076576576576576016e-01 2.984445310536538651e-02
9.089089089089088525e-01 3.073037127241222063e-02
9.101601601601601033e-01 3.154657010298401315e-02
9.114114114114113541e-01 3.228912950814593480e-02
9.126626626626626049e-01 3.295452291170545417e-02
9.139139139139138557e-01 3.353962674662079591e-02
9.151651651651651065e-01 3.404172813449265339e-02
9.164164164164163573e-01 3.445853086721288594e-02
9.176676676676676081e-01 3.478815980460055884e-02
9.189189189189188589e-01 3.502916379446947837e-02
9.201701701701701097e-01 3.518051721243206642e-02
9.214214214214213605e-01 3.524162020819489316e-02
9.226726726726726113e-01 3.521229773350285225e-02
9.239239239239238621e-01 3.509279741456688972e-02
9.251751751751751129e-01 3.488378631909237748e-02
9.264264264264263637e-01 3.458634665520726043e-02
9.276776776776776146e-01 3.420197042696004192e-02
9.289289289289288654e-01 3.373255305888333416e-02
9.301801801801801162e-01 3.318038599064963151e-02
9.314314314314313670e-01 3.254814823231601262e-02
9.326826826826826178e-01 3.183889686127751306e-02
9.339339339339338686e-01 3.105605643403124352e-02
9.351851851851851194e-01 3.020340727936721148e-02
9.364364364364363702e-01 2.928507263482170442e-02
9.376876876876876210e-01 2.830550458529617133e-02
9.389389389389388718e-01 2.726946876178025156e-02
9.401901901901901226e-01 2.618202775923233333e-02
9.414414414414413734e-01 2.504852323592948737e-02
9.426926926926926242e-01 2.387455666205814953e-02
9.439439439439438750e-01 2.266596869298721437e-02
9.451951951951951258e-01 2.142881715252504746e-02
9.464464464464463767e-01 2.016935362346436098e-02
9.476976976976976275e-01 1.889399865674068479e-02
9.489489489489488783e-01 1.760931562645949577e-02
9.502002002002001291e-01 1.632198327566072860e-02
9.514514514514514909e-01 1.503876701677892003e-02
9.527027027027027417e-01 1.376648907101155062e-02
9.539539539539539925e-01 1.251199755192478925e-02
9.552052052052052433e-01 1.128213462020652771e-02
9.564564564564564941e-01 1.008370385813113675e-02
9.577077077077077449e-01 8.923437033564176821e-03
9.589589589589589957e-01 7.807960443770997454e-03
9.602102102102102466e-01 6.743761048378253686e-03
9.614614614614614974e-01 5.737152618129295716e-03
9.627127127127127482e-01 4.794242141054679864e-03
9.639639639639639990e-01 3.920896739925048419e-03
9.652152152152152498e-01 3.122711363920355893e-03
9.664664664664665006e-01 2.404977522971093930e-03
9.677177177177177514e-01 1.772653334903791450e-03
9.689689689689690022e-01 1.230335153092024887e-03
9.702202202202202530e-01 7.822310356531655181e-04
9.714714714714715038e-01 4.321363062564176978e-04
9.727227227227227546e-01 1.834114413707923683e-04
9.739739739739740054e-01 3.896249942500358126e-05
9.752252252252252562e-01 1.224284117721644920e-06
9.764764764764765070e-01 7.214640734651217655e-05
9.777277277277277578e-01 2.531823873633393921e-04
9.789789789789790087e-01 5.452818853219618990e-04
9.802302302302302595e-01 9.488861489545724398e-04
9.814814814814815103e-01 1.463926696336193727e-03
9.827327327327327611e-01 2.089827236254795072e-03
9.839839839839840119e-01 2.825508785287218511e-03
9.852352352352352627e-01 3.669397905993389275e-03
9.864864864864865135e-01 4.619437956349902591e-03
9.877377377377377643e-01 5.673103208287110302e-03
9.889889889889890151e-01 6.827415663552295448e-03
9.902402402402402659e-01 8.078964368603121227e-03
9.914914914914915167e-01 9.423927007256095376e-03
9.927427427427427675e-01 1.085809353072876050e-02
9.939939939939940183e-01 1.237689156972668000e-02
9.952452452452452691e-01 1.397541336250040372e-02
9.964964964964965199e-01 1.564844392634281295e-02
9.977477477477477708e-01 1.739049019776454583e-02
9.989989989989990216e-01 1.919581086842922502e-02
1.000250250250250161e+00 2.105844664958409287e-02
1.001501501501501412e+00 2.297225070694582441e-02
1.002752752752752663e+00 2.493091902035340923e-02
1.004004004004003914e+00 2.692802043766726050e-02
1.005255255255255165e+00 2.895702620985760728e-02
1.006506506506506415e+00 3.101133881360047112e-02
1.007757757757757666e+00 3.308431988848787447e-02
1.009009009009008917e+00 3.516931713771630219e-02
1.010260260260260168e+00 3.725969006345715429e-02
1.011511511511511419e+00 3.934883443052481639e-02
1.012762762762762669e+00 4.143020537421170796e-02
1.014014014014013920e+00 4.349733908977556490e-02
1.015265265265265171e+00 4.554387306185617157e-02
1.016516516516516422e+00 4.756356481177747425e-02
1.017767767767767673e+00 4.955030915903343991e-02
1.019019019019018923e+00 5.149815401016965416e-02
1.020270270270270174e+00 5.340131470356308807e-02
1.021521521521521425e+00 5.525418695226787247e-02
1.022772772772772676e+00 5.705135843905231180e-02
1.024024024024023927e+00 5.878761912803009970e-02
1.025275275275275177e+00 6.045797036587127055e-02
1.026526526526526428e+00 6.205763285258803635e-02
1.027777777777777679e+00 6.358205356730040059e-02
1.029029029029028930e+00 6.502691173838978655e-02
1.030280280280280181e+00 6.638812395003929057e-02
1.031531531531531432e+00 6.766184847853494444e-02
1.032782782782782682e+00 6.884448895190668771e-02
1.034034034034033933e+00 6.993269742565631775e-02
1.035285285285285184e+00 7.092337696558438653e-02
1.036536536536536435e+00 7.181368382613585732e-02
1.037787787787787686e+00 7.260102930940502686e-02
1.039039039039038936e+00 7.328308138601209720e-02
1.040290290290290187e+00 7.385776615459858918e-02
1.041541541541541438e+00 7.432326921175899659e-02
1.042792792792792689e+00 7.467803699888848901e-02
1.044044044044043940e+00 7.492077818675185741e-02
1.045295295295295190e+00 7.505046515260604956e-02
1.046546546546546441e+00 7.506633559847647463e-02
1.047797797797797692e+00 7.496789435273394642e-02
1.049049049049048943e+00 7.475491539045744926e-02
1.050300300300300194e+00 7.442744410122109633e-02
1.051551551551551444e+00 7.398579982591740878e-02
1.052802802802802695e+00 7.343057867702922070e-02
1.054054054054053946e+00 7.276265664939010613e-02
1.055305305305305197e+00 7.198319302092462402e-02
1.056556556556556448e+00 7.109363403513514756e-02
1.057807807807807698e+00 7.009571684918966539e-02
1.059059059059058949e+00 6.899147372337635642e-02
1.060310310310310200e+00 6.778323641941176592e-02
1.061561561561561451e+00 6.647364076662909405e-02
1.062812812812812702e+00 6.506563134645777791e-02
1.064064064064063952e+00 6.356246623681645336e-02
1.065315315315315203e+00 6.196772174914828846e-02
1.066566566566566454e+00 6.028529708184312413e-02
1.067817817817817705e+00 5.851941880475424601e-02
1.069069069069068956e+00 5.667464508052502681e-02
1.070320320320320207e+00 5.475586951954852094e-02
1.071571571571571457e+00 5.276832455666553151e-02
1.072822822822822708e+00 5.071758422933991817e-02
1.074074074074073959e+00 4.860956622906893038e-02
1.075325325325325210e+00 4.645053309043931100e-02
1.076576576576576461e+00 4.424709237561401387e-02
1.077827827827827711e+00 4.200619570634430561e-02
1.079079079079078962e+00 3.973513649106797524e-02
1.080330330330330213e+00 3.744154619144760693e-02
1.081581581581581464e+00 3.513338897108907177e-02
1.082832832832832715e+00 3.281895456938091482e-02
1.084084084084083965e+00 3.050684924564416034e-02
1.085335335335335216e+00 2.820598464334605690e-02
1.086586586586586467e+00 2.592556443120968418e-02
1.087837837837837718e+00 2.367506858790006941e-02
1.089089089089088969e+00 2.146423520976011370e-02
1.090340340340340219e+00 1.930303973698083500e-02
1.091591591591591470e+00 1.720167151274885203e-02
1.092842842842842721e+00 1.517050761241968068e-02
1.094094094094093972e+00 1.322008390555953240e-02
1.095345345345345223e+00 1.136106334285046440e-02
1.096596596596596473e+00 9.604201492100514562e-03
1.097847847847847724e+00 7.960309382816950496e-03
1.099099099099098975e+00 6.440213756637191457e-03
1.100350350350350226e+00 5.054714860930166649e-03
1.101601601601601477e+00 3.814541964637493433e-03
1.102852852852852727e+00 2.730306818207316188e-03
1.104104104104103978e+00 1.812455322675221754e-03
1.105355355355355229e+00 1.071217715692413712e-03
1.106606606606606480e+00 5.165576237522214852e-04
1.107857857857857731e+00 1.581203691024030036e-04
1.109109109109108982e+00 5.180955850676223426e-06
1.110360360360360232e+00 6.659219162681104666e-05
1.111611611611611483e+00 3.507334278648515042e-04
1.112862862862862734e+00 8.654604224001337213e-04
1.114114114114113985e+00 1.618056841783746969e-03
1.115365365365365236e+00 2.615187926760565145e-03
1.116616616616616486e+00 3.862856842128465935e-03
1.117867867867867737e+00 5.366364221256377139e-03
1.119119119119118988e+00 7.130271395648824125e-03
1.120370370370370239e+00 9.158367771046159803e-03
1.121621621621621490e+00 1.145364277385884505e-02
1.122872872872872740e+00 1.401826274565631456e-02
1.124124124124123991e+00 1.685355310961333258e-02
1.125375375375375242e+00 1.995998607214523324e-02
1.126626626626626493e+00 2.333717405651797305e-02
1.127877877877877744e+00 2.698386899420012267e-02
1.129129129129128994e+00 3.089796752563106139e-02
1.130380380380380245e+00 3.507652208629488677e-02
1.131631631631631496e+00 3.951575777813794155e-02
1.132882882882882747e+00 4.421109485204734874e-02
1.134134134134133998e+00 4.915717655575509160e-02
1.135385385385385248e+00 5.434790203474355180e-02
1.136636636636636499e+00 5.977646391269114678e-02
1.137887887887887750e+00 6.543539012401869415e-02
1.139139139139139001e+00 7.131658952503663884e-02
1.140390390390390252e+00 7.741140077289571098e-02
1.141641641641641503e+00 8.371064393345217791e-02
1.142892892892892753e+00 9.020467426064240901e-02
1.144144144144144004e+00 9.688343758088094337e-02
1.145395395395395255e+00 1.037365267164511301e-01
1.146646646646646506e+00 1.107532383909798496e-01
1.147897897897897757e+00 1.179226300778239145e-01
1.149149149149149007e+00 1.252335762771875638e-01
1.150400400400400258e+00 1.326748237396366270e-01
1.151651651651651731e+00 1.402350451909954443e-01
1.152902902902902982e+00 1.479028911556040382e-01
1.154154154154154233e+00 1.556670395202492396e-01
1.155405405405405483e+00 1.635162425289002908e-01
1.156656656656656734e+00 1.714393709474029137e-01
1.157907907907907985e+00 1.794254551866864278e-01
1.159159159159159236e+00 1.874637232217928051e-01
1.160410410410410487e+00 1.955436351913131254e-01
1.161661661661661737e+00 2.036549146070319449e-01
1.162912912912912988e+00 2.117875761459279693e-01
1.164164164164164239e+00 2.199319500358817570e-01
1.165415415415415490e+00 2.280787030819648176e-01
1.166666666666666741e+00 2.362188564119266643e-01
1.167917917917917991e+00 2.443438000471858107e-01
1.169169169169169242e+00 2.524453044293377135e-01
1.170420420420420493e+00 2.605155290517810474e-01
1.171671671671671744e+00 2.685470283619910137e-01
1.172922922922922995e+00 2.765327551118647587e-01
1.174174174174174246e+00 2.844660613423158346e-01
1.175425425425425496e+00 2.923406971935471610e-01
1.176676676676676747e+00 3.001508077349321901e-01
1.177927927927927998e+00 3.078909280082677835e-01
1.179179179179179249e+00 3.155559764756165064e-01
1.180430430430430500e+00 3.231412470586070285e-01
1.181681681681681750e+00 3.306423999498226407e-01
1.182932932932933001e+00 3.380554513694315477e-01
1.184184184184184252e+00 3.453767624316368412e-01
1.185435435435435503e+00 3.526030272760053430e-01
1.186686686686686754e+00 3.597312606087274545e-01
1.187937937937938004e+00 3.667587847884310470e-01
1.189189189189189255e+00 3.736832165804763184e-01
1.190440440440440506e+00 3.805024536930836643e-01
1.191691691691691757e+00 3.872146611980298858e-01
1.192942942942943008e+00 3.938182579283256990e-01
1.194194194194194258e+00 4.003119029353833236e-01
1.195445445445445509e+00 4.066944820784597070e-01
1.196696696696696760e+00 4.129650948102262520e-01
1.197947947947948011e+00 4.191230412135696914e-01
1.199199199199199262e+00 4.251678093367960987e-01
1.200450450450450512e+00 4.310990628668801561e-01
1.201701701701701763e+00 4.369166291735241958e-01
1.202952952952953014e+00 4.426204877504425483e-01
1.204204204204204265e+00 4.482107590745606496e-01
1.205455455455455516e+00 4.536876938985439645e-01
1.206706706706706766e+00 4.590516629874450971e-01
1.207957957957958017e+00 4.643031473060342251e-01
1.209209209209209268e+00 4.694427286596861149e-01
1.210460460460460519e+00 4.744710807884496839e-01
1.211711711711711770e+00 4.793889609110529859e-01
1.212962962962963021e+00 4.841972017132128436e-01
1.214214214214214271e+00 4.888967037724477049e-01
1.215465465465465522e+00 4.934884284098911555e-01
1.216716716716716773e+00 4.979733909581198770e-01
1.217967967967968024e+00 5.023526544327939769e-01
1.219219219219219275e+00 5.066273235949951825e-01
1.220470470470470525e+00 5.107985393903947680e-01
1.221721721721721776e+00 5.148674737508288635e-01
1.222972972972973027e+00 5.188353247435418814e-01
1.224224224224224278e+00 5.227033120530794053e-01
1.225475475475475529e+00 5.264726727807768070e-01
1.226726726726726779e+00 5.301446575467984035e-01
1.227977977977978030e+00 5.337205268797957647e-01
1.229229229229229281e+00 5.372015478795023613e-01
1.230480480480480532e+00 5.405889911378020107e-01
1.231731731731731783e+00 5.438841279042126997e-01
1.232982982982983033e+00 5.470882274820536573e-01
1.234234234234234284e+00 5.502025548420118595e-01
1.235485485485485535e+00 5.532283684402934387e-01
1.236736736736736786e+00 5.561669182289088464e-01
1.237987987987988037e+00 5.590194438464253235e-01
1.239239239239239287e+00 5.617871729774930323e-01
1.240490490490490538e+00 5.644713198705499924e-01
1.241741741741741789e+00 5.670730840031884545e-01
1.242992992992993040e+00 5.695936488853198254e-01
1.244244244244244291e+00 5.720341809907955044e-01
1.245495495495495542e+00 5.743958288085477815e-01
1.246746746746746792e+00 5.766797220048403005e-01
1.247997997997998043e+00 5.788869706886691224e-01
1.249249249249249294e+00 5.810186647727906273e-01
1.250500500500500545e+00 5.830758734233002505e-01
1.251751751751751796e+00 5.850596445910901666e-01
1.253003003003003046e+00 5.869710046189319241e-01
1.254254254254254297e+00 5.888109579182897457e-01
1.255505505505505548e+00 5.905804867103757738e-01
1.256756756756756799e+00 5.922805508262614094e-01
1.258008008008008050e+00 5.939120875612403649e-01
1.259259259259259300e+00 5.954760115789351493e-01
1.260510510510510551e+00 5.969732148609264710e-01
1.261761761761761802e+00 5.984045666980201128e-01
1.263013013013013053e+00 5.997709137194778828e-01
1.264264264264264304e+00 6.010730799568405613e-01
1.265515515515515554e+00 6.023118669392028002e-01
1.266766766766766805e+00 6.034880538170040998e-01
1.268018018018018056e+00 6.046023975116666671e-01
1.269269269269269307e+00 6.056556328885520646e-01
1.270520520520520558e+00 6.066484729509604712e-01
1.271771771771771808e+00 6.075816090530226088e-01
1.273023023023023059e+00 6.084557111295458842e-01
1.274274274274274310e+00 6.092714279410045286e-01
1.275525525525525561e+00 6.100293873320294935e-01
1.276776776776776812e+00 6.107301965018846479e-01
1.278028028028028062e+00 6.113744422855440508e-01
1.279279279279279313e+00 6.119626914441185228e-01
1.280530530530530564e+00 6.124954909634782174e-01
1.281781781781781815e+00 6.129733683600315786e-01
1.283033033033033066e+00 6.133968319927276536e-01
1.284284284284284317e+00 6.137663713804232257e-01
1.285535535535535567e+00 6.140824575238571503e-01
1.286786786786786818e+00 6.143455432315575448e-01
1.288038038038038069e+00 6.145560634490632168e-01
1.289289289289289320e+00 6.147144355909344160e-01
1.290540540540540571e+00 6.148210598750761813e-01
1.291791791791791821e+00 6.148763196589660529e-01
1.293043043043043072e+00 6.148805817774313232e-01
1.294294294294294323e+00 6.148341968816781744e-01
1.295545545545545574e+00 6.147374997793143558e-01
1.296796796796796825e+00 6.145908097751675569e-01
1.298048048048048075e+00 6.143944310127242847e-01
1.299299299299299326e+00 6.141486528160728930e-01
1.300550550550550577e+00 6.138537500322563956e-01
1.301801801801801828e+00 6.135099833739833253e-01
1.303053053053053079e+00 6.131175997626689966e-01
1.304304304304304329e+00 6.126768326718156077e-01
1.305555555555555580e+00 6.121879024707623795e-01
1.306806806806806831e+00 6.116510167688601340e-01
1.308058058058058082e+00 6.110663707601559080e-01
1.309309309309309333e+00 6.104341475686789753e-01
1.310560560560560583e+00 6.097545185944625024e-01
1.311811811811811834e+00 6.090276438604240727e-01
1.313063063063063085e+00 6.082536723602740558e-01
1.314314314314314336e+00 6.074327424076131354e-01
1.315565565565565587e+00 6.065649819864051828e-01
1.316816816816816837e+00 6.056505091030262022e-01
1.318068068068068088e+00 6.046894321400916317e-01
1.319319319319319339e+00 6.036818502122830443e-01
1.320570570570570590e+00 6.026278535244021795e-01
1.321821821821821841e+00 6.015275237318871149e-01
1.323073073073073092e+00 6.003809343040343860e-01
1.324324324324324342e+00 5.991881508901704123e-01
1.325575575575575593e+00 5.979492316890367976e-01
1.326826826826826844e+00 5.966642278216323092e-01
1.328078078078078095e+00 5.953331837077912025e-01
1.329329329329329346e+00 5.939561374467409172e-01
1.330580580580580596e+00 5.925331212019221416e-01
1.331831831831831847e+00 5.910641615903247104e-01
1.333083083083083098e+00 5.895492800766072294e-01
1.334334334334334349e+00 5.879884933722656637e-01
1.335585585585585600e+00 5.863818138401104552e-01
1.336836836836836850e+00 5.847292499043068581e-01
1.338088088088088101e+00 5.830308064662359513e-01
1.339339339339339352e+00 5.812864853264189113e-01
1.340590590590590603e+00 5.794962856127524597e-01
1.341841841841841854e+00 5.776602042152825245e-01
1.343093093093093104e+00 5.757782362277398258e-01
1.344344344344344355e+00 5.738503753960693121e-01
1.345595595595595606e+00 5.718766145741286389e-01
1.346846846846846857e+00 5.698569461867791786e-01
1.348098098098098108e+00 5.677913627005259922e-01
1.349349349349349358e+00 5.656798571018821775e-01
1.350600600600600609e+00 5.635224233836065855e-01
1.351851851851851860e+00 5.613190570389363643e-01
1.353103103103103111e+00 5.590697555639457805e-01
1.354354354354354362e+00 5.567745189681019280e-01
1.355605605605605612e+00 5.544333502931068081e-01
1.356856856856856863e+00 5.520462561400659718e-01
1.358108108108108114e+00 5.496132472050059281e-01
1.359359359359359365e+00 5.471343388227469795e-01
1.360610610610610616e+00 5.446095515190887415e-01
1.361861861861861867e+00 5.420389115712610506e-01
1.363113113113113117e+00 5.394224515765448924e-01
1.364364364364364368e+00 5.367602110289384498e-01
1.365615615615615619e+00 5.340522369037110639e-01
1.366866866866866870e+00 5.312985842496628086e-01
1.368118118118118121e+00 5.284993167888324406e-01
1.369369369369369371e+00 5.256545075234233533e-01
1.370620620620620622e+00 5.227642393495850470e-01
1.371871871871871873e+00 5.198286056777409181e-01
1.373123123123123124e+00 5.168477110590344870e-01
1.374374374374374375e+00 5.138216718174547504e-01
1.375625625625625625e+00 5.107506166871531583e-01
1.376876876876876876e+00 5.076346874543984367e-01
1.378128128128128127e+00 5.044740396035741758e-01
1.379379379379379378e+00 5.012688429665822509e-01
1.380630630630630629e+00 4.980192823749459707e-01
1.381881881881881879e+00 4.947255583138145951e-01
1.383133133133133130e+00 4.913878875772065280e-01
1.384384384384384381e+00 4.880065039233186797e-01
1.385635635635635632e+00 4.845816587293519384e-01
1.386886886886886883e+00 4.811136216445621727e-01
1.388138138138138133e+00 4.776026812406310995e-01
1.389389389389389384e+00 4.740491456582206498e-01
1.390640640640640635e+00 4.704533432485300537e-01
1.391891891891891886e+00 4.668156232086409507e-01
1.393143143143143137e+00 4.631363562093535058e-01
1.394394394394394388e+00 4.594159350141600040e-01
1.395645645645645638e+00 4.556547750879675895e-01
1.396896896896896889e+00 4.518533151940719028e-01
1.398148148148148140e+00 4.480120179778975809e-01
1.399399399399399391e+00 4.441313705358985175e-01
1.400650650650650642e+00 4.402118849679988455e-01
1.401901901901901892e+00 4.362540989119034207e-01
1.403153153153153143e+00 4.322585760575383129e-01
1.404404404404404394e+00 4.282259066398497738e-01
1.405655655655655645e+00 4.241567079081646208e-01
1.406906906906906896e+00 4.200516245702372586e-01
1.408158158158158146e+00 4.159113292091278780e-01
1.409409409409409397e+00 4.117365226709798209e-01
1.410660660660660648e+00 4.075279344217719313e-01
1.411911911911911899e+00 4.032863228711053294e-01
1.413163163163163150e+00 3.990124756610422541e-01
1.414414414414414400e+00 3.947072099180521376e-01
1.415665665665665651e+00 3.903713724660906048e-01
1.416916916916916902e+00 3.860058399988556821e-01
1.418168168168168153e+00 3.816115192092973674e-01
1.419419419419419404e+00 3.771893468744526579e-01
1.420670670670670654e+00 3.727402898937415832e-01
1.421921921921921905e+00 3.682653452788859361e-01
1.423173173173173156e+00 3.637655400936571359e-01
1.424424424424424407e+00 3.592419313417530291e-01
1.425675675675675658e+00 3.546956058011270785e-01
1.426926926926926908e+00 3.501276798032122994e-01
1.428178178178178159e+00 3.455392989555589600e-01
1.429429429429429410e+00 3.409316378064949915e-01
1.430680680680680661e+00 3.363058994505520594e-01
1.431931931931931912e+00 3.316633150734933921e-01
1.433183183183183163e+00 3.270051434359309006e-01
1.434434434434434413e+00 3.223326702946596733e-01
1.435685685685685664e+00 3.176472077609600597e-01
1.436936936936936915e+00 3.129500935953238860e-01
1.438188188188188166e+00 3.082426904381892485e-01
1.439439439439439417e+00 3.035263849764607280e-01
1.440690690690690667e+00 2.988025870457964306e-01
1.441941941941941918e+00 2.940727286687953579e-01
1.443193193193193169e+00 2.893382630294709101e-01
1.444444444444444420e+00 2.846006633845579170e-01
1.445695695695695671e+00 2.798614219124416769e-01
1.446946946946946921e+00 2.751220485007150329e-01
1.448198198198198172e+00 2.703840694735722416e-01
1.449449449449449423e+00 2.656490262604941921e-01
1.450700700700700674e+00 2.609184740079051879e-01
1.451951951951951925e+00 2.561939801356887259e-01
1.453203203203203175e+00 2.514771228407128301e-01
1.454454454454454426e+00 2.467694895497079266e-01
1.455705705705705677e+00 2.420726753240855234e-01
1.456956956956956928e+00 2.373882812195062253e-01
1.458208208208208179e+00 2.327179126032019596e-01
1.459459459459459429e+00 2.280631774322972039e-01
1.460710710710710680e+00 2.234256844965434308e-01
1.461961961961961931e+00 2.188070416290898990e-01
1.463213213213213182e+00 2.142088538891096516e-01
1.464464464464464433e+00 2.096327217202298698e-01
1.465715715715715683e+00 2.050802390889202853e-01
1.466966966966966934e+00 2.005529916071073504e-01
1.468218218218218185e+00 1.960525546434172817e-01
1.469469469469469436e+00 1.915804914275792414e-01
1.470720720720720687e+00 1.871383511525932242e-01
1.471971971971971938e+00 1.827276670793624158e-01
1.473223223223223188e+00 1.783499546485563247e-01
1.474474474474474439e+00 1.740067096044824735e-01
1.475725725725725690e+00 1.696994061358073347e-01
1.476976976976976941e+00 1.654294950379363860e-01
1.478228228228228192e+00 1.611984019018475600e-01
1.479479479479479442e+00 1.570075253341703392e-01
1.480730730730730693e+00 1.528582352131709066e-01
1.481981981981981944e+00 1.487518709853104804e-01
1.483233233233233195e+00 1.446897400068555828e-01
1.484484484484484446e+00 1.406731159349715876e-01
1.485735735735735696e+00 1.367032371725425410e-01
1.486986986986986947e+00 1.327813053708182256e-01
1.488238238238238198e+00 1.289084839938109128e-01
1.489489489489489449e+00 1.250858969481702943e-01
1.490740740740740700e+00 1.213146272820411209e-01
1.491991991991991950e+00 1.175957159562074084e-01
1.493243243243243201e+00 1.139301606905504805e-01
1.494494494494494452e+00 1.103189148886250109e-01
1.495745745745745703e+00 1.067628866428829287e-01
1.496996996996996954e+00 1.032629378227816891e-01
1.498248248248248204e+00 9.981988324777048283e-02
1.499499499499499455e+00 9.643448994680757502e-02
1.500750750750750706e+00 9.310747650580498969e-02
1.502002002002001957e+00 8.983951250408860056e-02
1.503253253253253208e+00 8.663121804063463050e-02
1.504504504504504458e+00 8.348316335058493520e-02
1.505755755755755709e+00 8.039586851220525965e-02
1.507007007007006960e+00 7.736980324416613264e-02
1.508258258258258211e+00 7.440538679273989153e-02
1.509509509509509462e+00 7.150298790820350248e-02
1.510760760760760713e+00 6.866292490946308835e-02
1.512012012012011963e+00 6.588546583564978965e-02
1.513263263263263214e+00 6.317082868315126998e-02
1.514514514514514465e+00 6.051918172632484577e-02
1.515765765765765716e+00 5.793064391986101763e-02
1.517017017017016967e+00 5.540528538056491148e-02
1.518268268268268217e+00 5.294312794610434025e-02
1.519519519519519468e+00 5.054414580805888929e-02
1.520770770770770719e+00 4.820826621644667270e-02
1.522022022022021970e+00 4.593537025271490770e-02
1.523273273273273221e+00 4.372529366803973305e-02
1.524524524524524471e+00 4.157782778364951803e-02
1.525775775775775722e+00 3.949272044975497137e-02
1.527027027027026973e+00 3.746967705958373362e-02
1.528278278278278224e+00 3.550836161491905535e-02
1.529529529529529475e+00 3.360839783948581239e-02
1.530780780780780725e+00 3.176937033647365266e-02
1.532032032032031976e+00 2.999082578644273606e-02
1.533283283283283227e+00 2.827227418185763660e-02
1.534534534534534478e+00 2.661319009447720221e-02
1.535785785785785729e+00 2.501301397184324538e-02
1.537037037037036979e+00 2.347115345914243742e-02
1.538288288288288230e+00 2.198698474274974821e-02
1.539539539539539481e+00 2.055985391181554267e-02
1.540790790790790732e+00 1.918907833432887886e-02
1.542042042042041983e+00 1.787394804415397623e-02
1.543293293293293234e+00 1.661372713563817258e-02
1.544544544544544484e+00 1.540765516247205591e-02
1.545795795795795735e+00 1.425494853759666850e-02
1.547047047047046986e+00 1.315480193106407375e-02
1.548298298298298237e+00 1.210638966287062510e-02
1.549549549549549488e+00 1.110886708791931216e-02
1.550800800800800738e+00 1.016137197038735444e-02
1.552052052052052211e+00 9.263025844920572127e-03
1.553303303303303462e+00 8.412935362208877332e-03
1.554554554554554713e+00 7.610193616638353566e-03
1.555805805805805964e+00 6.853881453866506046e-03
1.557057057057057214e+00 6.143068756303709556e-03
1.558308308308308465e+00 5.476815704633260055e-03
1.559559559559559716e+00 4.854174013649854846e-03
1.560810810810810967e+00 4.274188140834334591e-03
1.562062062062062218e+00 3.735896466233130497e-03
1.563313313313313468e+00 3.238332442346866617e-03
1.564564564564564719e+00 2.780525712871411911e-03
1.565815815815815970e+00 2.361503199273912081e-03
1.567067067067067221e+00 1.980290154314807028e-03
1.568318318318318472e+00 1.635911181756156008e-03
1.569569569569569722e+00 1.327391221624170652e-03
1.570820820820820973e+00 1.053756500508663905e-03
1.572072072072072224e+00 8.140354465027906409e-04
1.573323323323323475e+00 6.072595684938056002e-04
1.574574574574574726e+00 4.324642996221720963e-04
1.575825825825825977e+00 2.886898048277200535e-04
1.577077077077077227e+00 1.749817524956734361e-04
1.578328328328328478e+00 9.039205030562236362e-05
1.579579579579579729e+00 3.397954547201759233e-05
1.580830830830830980e+00 4.810689642566045720e-06
1.582082082082082231e+00 1.960168796248073698e-06
1.583333333333333481e+00 2.451149855030537475e-05
1.584584584584584732e+00 7.155758534955126602e-05
1.585835835835835983e+00 1.422012540692110393e-04
1.587087087087087234e+00 2.355557426159733301e-04
1.588338338338338485e+00 3.507451641602217832e-04
1.589589589589589735e+00 4.869049376753209328e-04
1.590840840840840986e+00 6.431821874998593438e-04
1.592092092092092237e+00 8.187361126716411440e-04
1.593343343343343488e+00 1.012738326813596374e-03
1.594594594594594739e+00 1.224373169376774930e-03
1.595845845845845989e+00 1.452837989067667186e-03
1.597097097097097240e+00 1.697343400306198374e-03
1.598348348348348491e+00 1.957113513573519557e-03
1.599599599599599742e+00 2.231386140521380689e-03
1.600850850850850993e+00 2.519412974722977632e-03
1.602102102102102243e+00 2.820459748948187309e-03
1.603353353353353494e+00 3.133806369851045021e-03
1.604604604604604745e+00 3.458747030953997475e-03
1.605855855855855996e+00 3.794590304812983476e-03
1.607107107107107247e+00 4.140659215240497827e-03
1.608358358358358497e+00 4.496291290456835149e-03
1.609609609609609748e+00 4.860838598030929603e-03
1.610860860860860999e+00 5.233667762461401314e-03
1.612112112112112250e+00 5.614159966233973550e-03
1.613363363363363501e+00 6.001710935180481175e-03
1.614614614614614752e+00 6.395730908946170579e-03
1.615865865865866002e+00 6.795644597357703223e-03
1.617117117117117253e+00 7.200891123466830572e-03
1.618368368368368504e+00 7.610923954023259171e-03
1.619619619619619755e+00 8.025210818116607081e-03
1.620870870870871006e+00 8.443233614701417880e-03
1.622122122122122256e+00 8.864488309703875621e-03
1.623373373373373507e+00 9.288484823385470546e-03
1.624624624624624758e+00 9.714746908618315802e-03
1.625875875875876009e+00 1.014281202070576628e-02
1.627127127127127260e+00 1.057223117936029883e-02
1.628378378378378510e+00 1.100256882342957529e-02
1.629629629629629761e+00 1.143340265893913986e-02
1.630880880880881012e+00 1.186432350099867090e-02
1.632132132132132263e+00 1.229493511009911201e-02
1.633383383383383514e+00 1.272485402330452396e-02
1.634634634634634764e+00 1.315370938082177470e-02
1.635885885885886015e+00 1.358114274841269557e-02
1.637137137137137266e+00 1.400680793608923350e-02
1.638388388388388517e+00 1.443037081351647606e-02
1.639639639639639768e+00 1.485150912252337051e-02
1.640890890890891018e+00 1.526991228710699623e-02
1.642142142142142269e+00 1.568528122129335053e-02
1.643393393393393520e+00 1.609732813520139277e-02
1.644644644644644771e+00 1.650577633963826521e-02
1.645895895895896022e+00 1.691036004953613836e-02
1.647147147147147273e+00 1.731082418652461069e-02
1.648398398398398523e+00 1.770692418091514286e-02
1.649649649649649774e+00 1.809842577335943684e-02
1.650900900900901025e+00 1.848510481642665071e-02
1.652152152152152276e+00 1.886674707633136452e-02
1.653403403403403527e+00 1.924314803502651453e-02
1.654654654654654777e+00 1.961411269286635756e-02
1.655905905905906028e+00 1.997945537202670471e-02
1.657157157157157279e+00 2.033899952085877275e-02
1.658408408408408530e+00 2.069257751934158729e-02
1.659659659659659781e+00 2.104003048578353963e-02
1.660910910910911031e+00 2.138120808491461924e-02
1.662162162162162282e+00 2.171596833749958599e-02
1.663413413413413533e+00 2.204417743158933879e-02
1.664664664664664784e+00 2.236570953552327601e-02
1.665915915915916035e+00 2.268044661277920926e-02
1.667167167167167285e+00 2.298827823876445353e-02
1.668418418418418536e+00 2.328910141962998656e-02
1.669669669669669787e+00 2.358282041318029640e-02
1.670920920920921038e+00 2.386934655194853858e-02
1.672172172172172289e+00 2.414859806849321139e-02
1.673423423423423539e+00 2.442049992297125674e-02
1.674674674674674790e+00 2.468498363303171100e-02
1.675925925925926041e+00 2.494198710606978717e-02
1.677177177177177292e+00 2.519145447387606193e-02
1.678428428428428543e+00 2.543333592970803067e-02
1.679679679679679793e+00 2.566758756780720963e-02
1.680930930930931044e+00 2.589417122538065219e-02
1.682182182182182295e+00 2.611305432705986890e-02
1.683433433433433546e+00 2.632420973184687249e-02
1.684684684684684797e+00 2.652761558255301369e-02
1.685935935935936048e+00 2.672325515773156870e-02
1.687187187187187298e+00 2.691111672610295089e-02
1.688438438438438549e+00 2.709119340346776220e-02
1.689689689689689800e+00 2.726348301209886166e-02
1.690940940940941051e+00 2.742798794260267042e-02
1.692192192192192302e+00 2.758471501823593977e-02
1.693443443443443552e+00 2.773367536166256378e-02
1.694694694694694803e+00 2.787488426413283968e-02
1.695945945945946054e+00 2.800836105706514673e-02
1.697197197197197305e+00 2.813412898600892512e-02
1.698448448448448556e+00 2.825221508696587960e-02
1.699699699699699806e+00 2.836265006504446601e-02
1.700950950950951057e+00 2.846546817542219832e-02
1.702202202202202308e+00 2.856070710658875980e-02
1.703453453453453559e+00 2.864840786584135421e-02
1.704704704704704810e+00 2.872861466700416672e-02
1.705955955955956060e+00 2.880137482034118498e-02
1.707207207207207311e+00 2.886673862463292120e-02
1.708458458458458562e+00 2.892475926138511622e-02
1.709709709709709813e+00 2.897549269113857892e-02
1.710960960960961064e+00 2.901899755184781868e-02
1.712212212212212314e+00 2.905533505929687801e-02
1.713463463463463565e+00 2.908456890951910401e-02
1.714714714714714816e+00 2.910676518318908168e-02
1.715965965965966067e+00 2.912199225195381130e-02
1.717217217217217318e+00 2.913032068667038496e-02
1.718468468468468568e+00 2.913182316751789305e-02
1.719719719719719819e+00 2.912657439595084038e-02
1.720970970970971070e+00 2.911465100846192394e-02
1.722222222222222321e+00 2.909613149212212854e-02
1.723473473473473572e+00 2.907109610186606533e-02
1.724724724724724823e+00 2.903962677949145643e-02
1.725975975975976073e+00 2.900180707434107594e-02
1.727227227227227324e+00 2.895772206563674081e-02
1.728478478478478575e+00 2.890745828643467852e-02
1.729729729729729826e+00 2.885110364917223627e-02
1.730980980980981077e+00 2.878874737277666365e-02
1.732232232232232327e+00 2.872047991130640895e-02
1.733483483483483578e+00 2.864639288409674342e-02
1.734734734734734829e+00 2.856657900738156231e-02
1.735985985985986080e+00 2.848113202736324637e-02
1.737237237237237331e+00 2.839014665470458720e-02
1.738488488488488581e+00 2.829371850041507291e-02
1.739739739739739832e+00 2.819194401310654713e-02
1.740990990990991083e+00 2.808492041759230728e-02
1.742242242242242334e+00 2.797274565480492234e-02
1.743493493493493585e+00 2.785551832300871625e-02
1.744744744744744835e+00 2.773333762028289476e-02
1.745995995995996086e+00 2.760630328825234778e-02
1.747247247247247337e+00 2.747451555704367651e-02
1.748498498498498588e+00 2.733807509144417849e-02
1.749749749749749839e+00 2.719708293824263032e-02
1.751001001001001089e+00 2.705164047473082589e-02
1.752252252252252340e+00 2.690184935834539354e-02
1.753503503503503591e+00 2.674781147743069548e-02
1.754754754754754842e+00 2.658962890310274940e-02
1.756006006006006093e+00 2.642740384219622457e-02
1.757257257257257343e+00 2.626123859127578106e-02
1.758508508508508594e+00 2.609123549169429374e-02
1.759759759759759845e+00 2.591749688568107876e-02
1.761011011011011096e+00 2.574012507344268161e-02
1.762262262262262347e+00 2.555922227126095417e-02
1.763513513513513598e+00 2.537489057057202776e-02
1.764764764764764848e+00 2.518723189801131898e-02
1.766016016016016099e+00 2.499634797640949702e-02
1.767267267267267350e+00 2.480234028672521560e-02
1.768518518518518601e+00 2.460531003090059288e-02
1.769769769769769852e+00 2.440535809562604380e-02
1.771021021021021102e+00 2.420258501700103468e-02
1.772272272272272353e+00 2.399709094607832202e-02
1.773523523523523604e+00 2.378897561527924462e-02
1.774774774774774855e+00 2.357833830566767250e-02
1.776026026026026106e+00 2.336527781507179505e-02
1.777277277277277356e+00 2.314989242704143177e-02
1.778528528528528607e+00 2.293227988063054404e-02
1.779779779779779858e+00 2.271253734099411975e-02
1.781031031031031109e+00 2.249076137078837370e-02
1.782282282282282360e+00 2.226704790236572543e-02
1.783533533533533610e+00 2.204149221075266118e-02
1.784784784784784861e+00 2.181418888740218123e-02
1.786036036036036112e+00 2.158523181471178748e-02
1.787287287287287363e+00 2.135471414129622506e-02
1.788538538538538614e+00 2.112272825800825052e-02
1.789789789789789864e+00 2.088936577469665060e-02
1.791041041041041115e+00 2.065471749769437482e-02
1.792292292292292366e+00 2.041887340802833392e-02
1.793543543543543617e+00 2.018192264034188513e-02
1.794794794794794868e+00 1.994395346252286760e-02
1.796046046046046119e+00 1.970505325602893779e-02
1.797297297297297369e+00 1.946530849690263423e-02
1.798548548548548620e+00 1.922480473746865023e-02
1.799799799799799871e+00 1.898362658870527894e-02
1.801051051051051122e+00 1.874185770328393869e-02
1.802302302302302373e+00 1.849958075926813605e-02
1.803553553553553623e+00 1.825687744446529218e-02
1.804804804804804874e+00 1.801382844142513859e-02
1.806056056056056125e+00 1.777051341307571419e-02
1.807307307307307376e+00 1.752701098899201934e-02
1.808558558558558627e+00 1.728339875228974629e-02
1.809809809809809877e+00 1.703975322713609936e-02
1.811061061061061128e+00 1.679614986687288924e-02
1.812312312312312379e+00 1.655266304274383843e-02
1.813563563563563630e+00 1.630936603321915188e-02
1.814814814814814881e+00 1.606633101391185051e-02
1.816066066066066131e+00 1.582362904807771767e-02
1.817317317317317382e+00 1.558133007769307334e-02
1.818568568568568633e+00 1.533950291510373723e-02
1.819819819819819884e+00 1.509821523523726013e-02
1.821071071071071135e+00 1.485753356837339612e-02
1.822322322322322385e+00 1.461752329346490201e-02
1.823573573573573636e+00 1.437824863200203376e-02
1.824824824824824887e+00 1.413977264241468752e-02
1.826076076076076138e+00 1.390215721500400944e-02
1.827327327327327389e+00 1.366546306739858940e-02
1.828578578578578639e+00 1.342974974052643482e-02
1.829829829829829890e+00 1.319507559509654378e-02
1.831081081081081141e+00 1.296149780858429391e-02
1.832332332332332392e+00 1.272907237271152410e-02
1.833583583583583643e+00 1.249785409141599031e-02
1.834834834834834894e+00 1.226789657930251777e-02
1.836086086086086144e+00 1.203925226056836752e-02
1.837337337337337395e+00 1.181197236839691238e-02
1.838588588588588646e+00 1.158610694481067294e-02
1.839839839839839897e+00 1.136170484097826471e-02
1.841091091091091148e+00 1.113881371796669392e-02
1.842342342342342398e+00 1.091748004793174562e-02
1.843593593593593649e+00 1.069774911574070814e-02
1.844844844844844900e+00 1.047966502101730160e-02
1.846096096096096151e+00 1.026327068060371543e-02
1.847347347347347402e+00 1.004860783143131896e-02
1.848598598598598652e+00 9.835717033792030703e-03
1.849849849849849903e+00 9.624637675003835935e-03
1.851101101101101154e+00 9.415407973461870778e-03
1.852352352352352405e+00 9.208064983067931059e-03
1.853603603603603656e+00 9.002644598030412268e-03
1.854854854854854906e+00 8.799181558027197037e-03
1.856106106106106157e+00 8.597709453723673470e-03
1.857357357357357408e+00 8.398260732637880324e-03
1.858608608608608659e+00 8.200866705344719496e-03
1.859859859859859910e+00 8.005557552012496428e-03
1.861111111111111160e+00 7.812362329262418324e-03
1.862362362362362411e+00 7.621308977344258724e-03
1.863613613613613662e+00 7.432424327619614572e-03
1.864864864864864913e+00 7.245734110345126468e-03
1.866116116116116164e+00 7.061262962748069208e-03
1.867367367367367414e+00 6.879034437385062213e-03
1.868618618618618665e+00 6.699071010777581103e-03
1.869869869869869916e+00 6.521394092315304508e-03
1.871121121121121167e+00 6.346024033419381434e-03
1.872372372372372418e+00 6.172980136958104366e-03
1.873623623623623669e+00 6.002280666906510513e-03
1.874874874874874919e+00 5.833942858242411114e-03
1.876126126126126170e+00 5.667982927070629694e-03
1.877377377377377421e+00 5.504416080967512899e-03
1.878628628628628672e+00 5.343256529538330940e-03
1.879879879879879923e+00 5.184517495178755236e-03
1.881131131131131173e+00 5.028211224033492591e-03
1.882382382382382424e+00 4.874348997143850698e-03
1.883633633633633675e+00 4.722941141776297765e-03
1.884884884884884926e+00 4.573997042924732997e-03
1.886136136136136177e+00 4.427525154978334716e-03
1.887387387387387427e+00 4.283533013547420089e-03
1.888638638638638678e+00 4.142027247440246626e-03
1.889889889889889929e+00 4.003013590782228404e-03
1.891141141141141180e+00 3.866496895270752580e-03
1.892392392392392431e+00 3.732481142558240986e-03
1.893643643643643681e+00 3.600969456755523466e-03
1.894894894894894932e+00 3.471964117048619621e-03
1.896146146146146183e+00 3.345466570421627098e-03
1.897397397397397434e+00 3.221477444478291347e-03
1.898648648648648685e+00 3.099996560355565162e-03
1.899899899899899935e+00 2.981022945721656207e-03
1.901151151151151186e+00 2.864554847852035166e-03
1.902402402402402437e+00 2.750589746776133885e-03
1.903653653653653688e+00 2.639124368488244329e-03
1.904904904904904939e+00 2.530154698215893692e-03
1.906156156156156189e+00 2.423675993738776731e-03
1.907407407407407440e+00 2.319682798752032826e-03
1.908658658658658691e+00 2.218168956267278866e-03
1.909909909909909942e+00 2.119127622045371539e-03
1.911161161161161193e+00 2.022551278053901121e-03
1.912412412412412444e+00 1.928431745944100524e-03
1.913663663663663694e+00 1.836760200540880558e-03
1.914914914914914945e+00 1.747527183339393168e-03
1.916166166166166196e+00 1.660722616003744434e-03
1.917417417417417447e+00 1.576335813860259890e-03
1.918668668668668698e+00 1.494355499381450850e-03
1.919919919919919948e+00 1.414769815653801844e-03
1.921171171171171199e+00 1.337566339824842630e-03
1.922422422422422450e+00 1.262732096523830295e-03
1.923673673673673701e+00 1.190253571250867413e-03
1.924924924924924952e+00 1.120116723729595127e-03
1.926176176176176202e+00 1.052307001218192803e-03
1.927427427427427453e+00 9.868093517740742296e-04
1.928678678678678704e+00 9.236082374675945493e-04
1.929929929929929955e+00 8.626876475399320506e-04
1.931181181181181206e+00 8.040311115008525779e-04
1.932432432432432456e+00 7.476217121619124122e-04
1.933683683683683707e+00 6.934420986007106642e-04
1.934934934934934958e+00 6.414744990524389725e-04
1.936186186186186209e+00 5.917007337242340560e-04
1.937437437437437460e+00 5.441022275286356647e-04
1.938688688688688710e+00 4.986600227325579688e-04
1.939939939939939961e+00 4.553547915177262443e-04
1.941191191191191212e+00 4.141668484492720399e-04
1.942442442442442463e+00 3.750761628490675761e-04
1.943693693693693714e+00 3.380623710703236956e-04
1.944944944944944965e+00 3.031047886703704965e-04
1.946196196196196215e+00 2.701824224784625289e-04
1.947447447447447466e+00 2.392739825557253916e-04
1.948698698698698717e+00 2.103578940443021788e-04
1.949949949949949968e+00 1.834123089029900588e-04
1.951201201201201219e+00 1.584151175267442166e-04
1.952452452452452469e+00 1.353439602475029402e-04
1.953703703703703720e+00 1.141762387139285198e-04
1.954954954954954971e+00 9.488912714784329878e-05
1.956206206206206222e+00 7.745958347504846024e-05
1.957457457457457473e+00 6.186436032853398080e-05
1.958708708708708723e+00 4.808001592206057935e-05
1.959959959959959974e+00 3.608292479227429879e-05
1.961211211211211225e+00 2.584928840758835838e-05
1.962462462462462476e+00 1.735514564214379765e-05
1.963713713713713727e+00 1.057638311330670567e-05
1.964964964964964977e+00 5.488745381249117304e-06
1.966216216216216228e+00 2.067845009241619144e-06
1.967467467467467479e+00 2.891724834061245533e-07
1.968718718718718730e+00 1.281059907424676688e-07
1.969969969969969981e+00 1.559921054372561744e-06
1.971221221221221231e+00 4.559800025013519002e-06
1.972472472472472482e+00 9.102841427798761325e-06
1.973723723723723733e+00 1.516406916363243488e-05
1.974974974974974984e+00 2.271844156436431187e-05
1.976226226226226235e+00 3.174086030120468926e-05
1.977477477477477485e+00 4.220617914574300807e-05
1.978728728728728736e+00 5.408921258322311614e-05
1.979979979979979987e+00 6.736474427760879668e-05
1.981231231231231238e+00 8.200753538817337289e-05
1.982482482482482489e+00 9.799233273741703913e-05
1.983733733733733740e+00 1.152938768301275572e-04
1.984984984984984990e+00 1.338869097235106053e-04
1.986236236236236241e+00 1.537461827484498244e-04
1.987487487487487492e+00 1.748464640818622534e-04
1.988738738738738743e+00 1.971625461704216542e-04
1.989989989989989994e+00 2.206692530057092084e-04
1.991241241241241244e+00 2.453414472512092069e-04
1.992492492492492495e+00 2.711540372213823479e-04
1.993743743743743746e+00 2.980819837132127836e-04
1.994994994994994997e+00 3.261003066907989622e-04
1.996246246246246248e+00 3.551840918232892401e-04
1.997497497497497498e+00 3.853084968770064496e-04
1.998748748748748749e+00 4.164487579621782456e-04
2.000000000000000000e+00 4.485801956349445146e-04
