# Wavelength(um) Reflectance(%)
7.500000000000000000e-01 1.693782912850283137e-02
7.512512512512512508e-01 1.696148411734785949e-02
7.525025025025025016e-01 1.697432552825490354e-02
7.537537537537537524e-01 1.697639738907351023e-02
7.550050050050050032e-01 1.696775612455923149e-02
7.562562562562562540e-01 1.694847030355657591e-02
7.575075075075075048e-01 1.691862037984835296e-02
7.587587587587587556e-01 1.687829842718463480e-02
7.600100100100100065e-01 1.682760786898086780e-02
7.612612612612612573e-01 1.676666320315181591e-02
7.625125125125125081e-01 1.669558972252595599e-02
7.637637637637637589e-01 1.661452323126385786e-02
7.650150150150150097e-01 1.652360975768326148e-02
7.662662662662662605e-01 1.642300526387397222e-02
7.675175175175175113e-01 1.631287535246692816e-02
7.687687687687687621e-01 1.619339497090381899e-02
7.700200200200200129e-01 1.606474811353598639e-02
7.712712712712712637e-01 1.592712752186593861e-02
7.725225225225225145e-01 1.578073438322847438e-02
7.737737737737737653e-01 1.562577802819428360e-02
7.750250250250250161e-01 1.546247562696495374e-02
7.762762762762762669e-01 1.529105188501552783e-02
7.775275275275275177e-01 1.511173873822840678e-02
7.787787787787787686e-01 1.492477504775097455e-02
7.800300300300300194e-01 1.473040629479919865e-02
7.812812812812812702e-01 1.452888427561883737e-02
7.825325325325325210e-01 1.432046679680736012e-02
7.837837837837837718e-01 1.410541737119092379e-02
7.850350350350350226e-01 1.388400491444314287e-02
7.862862862862862734e-01 1.365650344262451556e-02
7.875375375375375242e-01 1.342319177081607688e-02
7.887887887887887750e-01 1.318435321301339273e-02
7.900400400400400258e-01 1.294027528344218053e-02
7.912912912912912766e-01 1.269124939945239817e-02
7.925425425425425274e-01 1.243757058614131973e-02
7.937937937937937782e-01 1.217953718285443888e-02
7.950450450450450290e-01 1.191745055170690543e-02
7.962962962962962798e-01 1.165161478826681231e-02
7.975475475475475307e-01 1.138233643453703640e-02
7.987987987987987815e-01 1.110992419437082865e-02
8.000500500500500323e-01 1.083468865145339154e-02
8.013013013013012831e-01 1.055694198997904169e-02
8.025525525525525339e-01 1.027699771815249186e-02
8.038038038038037847e-01 9.995170394639950329e-03
8.050550550550550355e-01 9.711775358094924121e-03
8.063063063063062863e-01 9.427128459881388076e-03
8.075575575575575371e-01 9.141545800115984804e-03
8.088088088088087879e-01 8.855343467148842074e-03
8.100600600600600387e-01 8.568837280602349671e-03
8.113113113113112895e-01 8.282342538084736319e-03
8.125625625625625403e-01 7.996173765694641888e-03
8.138138138138137911e-01 7.710644472431403031e-03
8.150650650650650419e-01 7.426066908624026977e-03
8.163163163163162928e-01 7.142751828490999030e-03
8.175675675675675436e-01 6.861008256940850578e-03
8.188188188188187944e-01 6.581143260722476830e-03
8.200700700700700452e-01 6.303461724031235794e-03
8.213213213213212960e-01 6.028266128677015230e-03
8.225725725725725468e-01 5.755856338916142713e-03
8.238238238238237976e-01 5.486529391048525564e-03
8.250750750750750484e-01 5.220579287878735972e-03
8.263263263263262992e-01 4.958296798136315776e-03
8.275775775775775500e-01 4.699969260949553654e-03
8.288288288288288008e-01 4.445880395462890010e-03
8.300800800800800516e-01 4.196310115685874913e-03
8.313313313313313024e-01 3.951534350657578097e-03
8.325825825825825532e-01 3.711824870008213761e-03
8.338338338338338041e-01 3.477449114995089918e-03
8.350850850850850549e-01 3.248670035086932001e-03
8.363363363363363057e-01 3.025745930166222949e-03
8.375875875875875565e-01 2.808930298415701719e-03
8.388388388388388073e-01 2.598471689950334479e-03
8.400900900900900581e-01 2.394613566252066800e-03
8.413413413413413089e-01 2.197594165459670901e-03
8.425925925925925597e-01 2.007646373561672130e-03
8.438438438438438105e-01 1.824997601534922645e-03
8.450950950950950613e-01 1.649869668467033885e-03
8.463463463463463121e-01 1.482478690694759814e-03
8.475975975975975629e-01 1.323034976986068277e-03
8.488488488488488137e-01 1.171742929787549826e-03
8.501001001001000645e-01 1.028800952553417507e-03
8.513513513513513153e-01 8.944013631672137130e-04
8.526026026026025662e-01 7.687303134607037037e-04
8.538538538538538170e-01 6.519677148297345088e-04
8.551051051051050678e-01 5.442871699401459007e-04
8.563563563563563186e-01 4.458559105115217488e-04
8.576076076076075694e-01 3.568347411604223612e-04
8.588588588588588202e-01 2.773779892789917170e-04
8.601101101101100710e-01 2.076334609186608593e-04
8.613613613613613218e-01 1.477424026432700127e-04
8.626126126126125726e-01 9.783946930955307543e-05
8.638638638638638234e-01 5.805269772750324829e-05
8.651151151151150742e-01 2.850348614714073004e-05
8.663663663663663250e-01 9.306579512671462687e-06
8.676176176176175758e-01 5.700604193345269226e-07
8.688688688688688266e-01 2.395345702701301503e-06
8.701201201201200774e-01 1.487718858487478909e-05
8.713713713713713283e-01 3.810368629665660743e-05
8.726226226226225791e-01 7.215629308963576391e-05
8.738738738738738299e-01 1.171098385471137785e-04
8.751251251251250807e-01 1.730325510979526926e-04
8.763763763763763315e-01 2.399860866326736393e-04
8.776276276276275823e-01 3.180255621166654893e-04
8.788788788788788331e-01 4.071995940909712034e-04
8.801301301301300839e-01 5.075503419468938189e-04
8.813813813813813347e-01 6.191135558570566924e-04
8.826326326326325855e-01 7.419186292411489260e-04
8.838838838838838363e-01 8.759886556417008320e-04
8.851351351351350871e-01 1.021340489881577716e-03
8.863863863863863379e-01 1.177984813371742547e-03
8.876376376376375887e-01 1.345926203435296497e-03
8.888888888888888395e-01 1.525163206510550583e-03
8.901401401401400904e-01 1.715688415094386750e-03
8.913913913913913412e-01 1.917488548283821951e-03
8.926426426426425920e-01 2.130544535773194314e-03
8.938938938938938428e-01 2.354831605161214914e-03
8.951451451451450936e-01 2.590319372421832304e-03
8.963963963963963444e-01 2.836971935391077292e-03
8.976476476476475952e-01 3.094747970121282908e-03
8.988988988988988460e-01 3.363600829953241125e-03
9.001501501501500968e-01 3.643478647156499304e-03
9.014014014014013476e-01 3.934324436987735388e-03
9.026526526526525984e-01 4.236076204016686435e-03
9.039039039039038492e-01 4.548667050570753476e-03
9.051551551551551000e-01 4.872025287147068590e-03
9.064064064064063508e-01 5.206074544644934826e-03
9.076576576576576016e-01 5.550733888269678701e-03
9.089089089089088525e-01 5.905917932960717473e-03
9.101601601601601033e-01 6.271536960199519152e-03
9.114114114114113541e-01 6.647497036051488659e-03
9.126626626626626049e-01 7.033700130300699419e-03
9.139139139139138557e-01 7.430044236535745215e-03
9.151651651651651065e-01 7.836423493049041178e-03
9.164164164164163573e-01 8.252728304411567975e-03
9.176676676676676081e-01 8.678845463590427467e-03
9.189189189189188589e-01 9.114658274476052438e-03
9.201701701701701097e-01 9.560046674691182259e-03
9.214214214214213605e-01 1.001488735855394184e-02
9.226726726726726113e-01 1.047905390007287073e-02
9.239239239239238621e-01 1.095241687585211607e-02
9.251751751751751129e-01 1.143484398779008593e-02
9.264264264264263637e-01 1.192620018545720653e-02
9.276776776776776146e-01 1.242634778804158069e-02
9.289289289289288654e-01 1.293514660575515590e-02
9.301801801801801162e-01 1.345245406059642629e-02
9.314314314314313670e-01 1.397812530636790944e-02
9.326826826826826178e-01 1.451201334785332149e-02
9.339339339339338686e-01 1.505396915905851327e-02
9.351851851851851194e-01 1.560384180042812333e-02
9.364364364364363702e-01 1.616147853495094808e-02
9.376876876876876210e-01 1.672672494307135896e-02
9.389389389389388718e-01 1.729942503632868681e-02
9.401901901901901226e-01 1.787942136964842943e-02
9.414414414414413734e-01 1.846655515221468091e-02
9.426926926926926242e-01 1.906066635685600349e-02
9.439439439439438750e-01 1.966159382788010973e-02
9.451951951951951258e-01 2.026917538729866228e-02
9.464464464464463767e-01 2.088324793938286725e-02
9.476976976976976275e-01 2.150364757349976577e-02
9.489489489489488783e-01 2.213020966517768168e-02
9.502002002002001291e-01 2.276276897535633656e-02
9.514514514514514909e-01 2.340115974777768476e-02
9.527027027027027417e-01 2.404521580448033824e-02
9.539539539539539925e-01 2.469477063936048947e-02
9.552052052052052433e-01 2.534965750976858612e-02
9.564564564564564941e-01 2.600970952611048742e-02
9.577077077077077449e-01 2.667475973943073814e-02
9.589589589589589957e-01 2.734464122695174845e-02
9.602102102102102466e-01 2.801918717555220220e-02
9.614614614614614974e-01 2.869823096316594796e-02
9.627127127127127482e-01 2.938160623808940344e-02
9.639639639639639990e-01 3.006914699618572565e-02
9.652152152152152498e-01 3.076068765597692392e-02
9.664664664664665006e-01 3.145606313162072759e-02
9.677177177177177514e-01 3.215510890376607755e-02
9.689689689689690022e-01 3.285766108828987175e-02
9.702202202202202530e-01 3.356355650291539122e-02
9.714714714714715038e-01 3.427263273171596292e-02
9.727227227227227546e-01 3.498472818751181129e-02
9.739739739739740054e-01 3.569968217216910183e-02
9.752252252252252562e-01 3.641733493480861505e-02
9.764764764764765070e-01 3.713752772794069040e-02
9.777277277277277578e-01 3.786010286153807664e-02
9.789789789789790087e-01 3.858490375506329340e-02
9.802302302302302595e-01 3.931177498747093907e-02
9.814814814814815103e-01 4.004056234519926677e-02
9.827327327327327611e-01 4.077111286817731300e-02
9.839839839839840119e-01 4.150327489386657770e-02
9.852352352352352627e-01 4.223689809936225642e-02
9.864864864864865135e-01 4.297183354157876889e-02
9.877377377377377643e-01 4.370793369554577812e-02
9.889889889889890151e-01 4.444505249084088061e-02
9.902402402402402659e-01 4.518304534618983875e-02
9.914914914914915167e-01 4.592176920225985587e-02
9.927427427427427675e-01 4.666108255267898547e-02
9.939939939939940183e-01 4.740084547331083892e-02
9.952452452452452691e-01 4.814091964981663530e-02
9.964964964964965199e-01 4.888116840353678993e-02
9.977477477477477708e-01 4.962145671572380096e-02
9.989989989989990216e-01 5.036165125016194705e-02
1.000250250250250161e+00 5.110162037420409170e-02
1.001501501501501412e+00 5.184123417826379254e-02
1.002752752752752663e+00 5.258036449379251825e-02
1.004004004004003914e+00 5.331888490978102524e-02
1.005255255255255165e+00 5.405667078781620921e-02
1.006506506506506415e+00 5.479359927573097117e-02
1.007757757757757666e+00 5.552954931988163950e-02
1.009009009009008917e+00 5.626440167608554033e-02
1.010260260260260168e+00 5.699803891925982885e-02
1.011511511511511419e+00 5.773034545178937910e-02
1.012762762762762669e+00 5.846120751066528204e-02
1.014014014014013920e+00 5.919051317342576002e-02
1.015265265265265171e+00 5.991815236293372010e-02
1.016516516516516422e+00 6.064401685102900619e-02
1.017767767767767673e+00 6.136800026108510386e-02
1.019019019019018923e+00 6.208999806950936395e-02
1.020270270270270174e+00 6.280990760621703306e-02
1.021521521521521425e+00 6.352762805411464597e-02
1.022772772772772676e+00 6.424306044762438661e-02
1.024024024024023927e+00 6.495610767028561772e-02
1.025275275275275177e+00 6.566667445146098792e-02
1.026526526526526428e+00 6.637466736218478047e-02
1.027777777777777679e+00 6.707999481018002419e-02
1.029029029029028930e+00 6.778256703408057360e-02
1.030280280280280181e+00 6.848229609688445685e-02
1.031531531531531432e+00 6.917909587867156207e-02
1.032782782782782682e+00 6.987288206861529127e-02
1.034034034034033933e+00 7.056357215631456348e-02
1.035285285285285184e+00 7.125108542248026477e-02
1.036536536536536435e+00 7.193534292899880778e-02
1.037787787787787686e+00 7.261626750840385891e-02
1.039039039039038936e+00 7.329378375278278179e-02
1.040290290290290187e+00 7.396781800214299873e-02
1.041541541541541438e+00 7.463829833226656718e-02
1.042792792792792689e+00 7.530515454207668824e-02
1.044044044044043940e+00 7.596831814054096077e-02
1.045295295295295190e+00 7.662772233313717984e-02
1.046546546546546441e+00 7.728330200790470284e-02
1.047797797797797692e+00 7.793499372110221368e-02
1.049049049049048943e+00 7.858273568250061236e-02
1.050300300300300194e+00 7.922646774032449102e-02
1.051551551551551444e+00 7.986613136587222828e-02
1.052802802802802695e+00 8.050166963782884322e-02
1.054054054054053946e+00 8.113302722629629760e-02
1.055305305305305197e+00 8.176015037655862128e-02
1.056556556556556448e+00 8.238298689260167840e-02
1.057807807807807698e+00 8.300148612040711416e-02
1.059059059059058949e+00 8.361559893103731600e-02
1.060310310310310200e+00 8.422527770352870868e-02
1.061561561561561451e+00 8.483047630761297864e-02
1.062812812812812702e+00 8.543115008627860663e-02
1.064064064064063952e+00 8.602725583819165189e-02
1.065315315315315203e+00 8.661875179999221908e-02
1.066566566566566454e+00 8.720559762847619745e-02
1.067817817817817705e+00 8.778775438268296427e-02
1.069069069069068956e+00 8.836518450589962714e-02
1.070320320320320207e+00 8.893785180759450348e-02
1.071571571571571457e+00 8.950572144529632401e-02
1.072822822822822708e+00 9.006875990642666807e-02
1.074074074074073959e+00 9.062693499010272824e-02
1.075325325325325210e+00 9.118021578891888357e-02
1.076576576576576461e+00 9.172857267071778120e-02
1.077827827827827711e+00 9.227197726036412417e-02
1.079079079079078962e+00 9.281040242152956143e-02
1.080330330330330213e+00 9.334382223849867211e-02
1.081581581581581464e+00 9.387221199800618865e-02
1.082832832832832715e+00 9.439554817111361906e-02
1.084084084084083965e+00 9.491380839513481604e-02
1.085335335335335216e+00 9.542697145561765404e-02
1.086586586586586467e+00 9.593501726839089028e-02
1.087837837837837718e+00 9.643792686168313477e-02
1.089089089089088969e+00 9.693568235832046576e-02
1.090340340340340219e+00 9.742826695801022618e-02
1.091591591591591470e+00 9.791566491971909203e-02
1.092842842842842721e+00 9.839786154414686958e-02
1.094094094094093972e+00 9.887484315630781784e-02
1.095345345345345223e+00 9.934659708822012048e-02
1.096596596596596473e+00 9.981311166171152882e-02
1.097847847847847724e+00 1.002743761713457832e-01
1.099099099099098975e+00 1.007303808674722967e-01
1.100350350350350226e+00 1.011811169394078308e-01
1.101601601601601477e+00 1.016265764987489134e-01
1.102852852852852727e+00 1.020667525628231737e-01
1.104104104104103978e+00 1.025016390382819526e-01
1.105355355355355229e+00 1.029312307048357716e-01
1.106606606606606480e+00 1.033555231991385437e-01
1.107857857857857731e+00 1.037745129988219134e-01
1.109109109109108982e+00 1.041881974066822536e-01
1.110360360360360232e+00 1.045965745350239950e-01
1.111611611611611483e+00 1.049996432901597193e-01
1.112862862862862734e+00 1.053974033570717062e-01
1.114114114114113985e+00 1.057898551842339635e-01
1.115365365365365236e+00 1.061769999685985011e-01
1.116616616616616486e+00 1.065588396407472077e-01
1.117867867867867737e+00 1.069353768502084162e-01
1.119119119119118988e+00 1.073066149509437489e-01
1.120370370370370239e+00 1.076725579870015798e-01
1.121621621621621490e+00 1.080332106783413043e-01
1.122872872872872740e+00 1.083885784068272795e-01
1.124124124124123991e+00 1.087386672023949313e-01
1.125375375375375242e+00 1.090834837293864629e-01
1.126626626626626493e+00 1.094230352730610478e-01
1.127877877877877744e+00 1.097573297262749853e-01
1.129129129129128994e+00 1.100863755763344803e-01
1.130380380380380245e+00 1.104101818920220912e-01
1.131631631631631496e+00 1.107287583107935541e-01
1.132882882882882747e+00 1.110421150261474837e-01
1.134134134134133998e+00 1.113502627751664920e-01
1.135385385385385248e+00 1.116532128262301554e-01
1.136636636636636499e+00 1.119509769668975974e-01
1.137887887887887750e+00 1.122435674919615434e-01
1.139139139139139001e+00 1.125309971916709090e-01
1.140390390390390252e+00 1.128132793401235567e-01
1.141641641641641503e+00 1.130904276838254480e-01
1.142892892892892753e+00 1.133624564304188953e-01
1.144144144144144004e+00 1.136293802375753781e-01
1.145395395395395255e+00 1.138912142020553353e-01
1.146646646646646506e+00 1.141479738489306062e-01
1.147897897897897757e+00 1.143996751209717250e-01
1.149149149149149007e+00 1.146463343681957125e-01
1.150400400400400258e+00 1.148879683375762656e-01
1.151651651651651731e+00 1.151245941629121528e-01
1.152902902902902982e+00 1.153562293548550388e-01
1.154154154154154233e+00 1.155828917910939196e-01
1.155405405405405483e+00 1.158045997066950300e-01
1.156656656656656734e+00 1.160213716845967247e-01
1.157907907907907985e+00 1.162332266462563768e-01
1.159159159159159236e+00 1.164401838424494462e-01
1.160410410410410487e+00 1.166422628442183723e-01
1.161661661661661737e+00 1.168394835339692794e-01
1.162912912912912988e+00 1.170318660967167163e-01
1.164164164164164239e+00 1.172194310114729326e-01
1.165415415415415490e+00 1.174021990427814160e-01
1.166666666666666741e+00 1.175801912323926751e-01
1.167917917917917991e+00 1.177534288910800225e-01
1.169169169169169242e+00 1.179219335905965921e-01
1.170420420420420493e+00 1.180857271557662486e-01
1.171671671671671744e+00 1.182448316567140251e-01
1.172922922922922995e+00 1.183992694012284963e-01
1.174174174174174246e+00 1.185490629272573371e-01
1.175425425425425496e+00 1.186942349955339981e-01
1.176676676676676747e+00 1.188348085823335981e-01
1.177927927927927998e+00 1.189708068723566298e-01
1.179179179179179249e+00 1.191022532517378857e-01
1.180430430430430500e+00 1.192291713011807419e-01
1.181681681681681750e+00 1.193515847892137743e-01
1.182932932932933001e+00 1.194695176655682228e-01
1.184184184184184252e+00 1.195829940546748876e-01
1.185435435435435503e+00 1.196920382492792923e-01
1.186686686686686754e+00 1.197966747041721014e-01
1.187937937937938004e+00 1.198969280300353213e-01
1.189189189189189255e+00 1.199928229874001190e-01
1.190440440440440506e+00 1.200843844807164551e-01
1.191691691691691757e+00 1.201716375525328506e-01
1.192942942942943008e+00 1.202546073777831931e-01
1.194194194194194258e+00 1.203333192581810540e-01
1.195445445445445509e+00 1.204077986167184089e-01
1.196696696696696760e+00 1.204780709922676080e-01
1.197947947947948011e+00 1.205441620342855430e-01
1.199199199199199262e+00 1.206060974976176509e-01
1.200450450450450512e+00 1.206639032374008796e-01
1.201701701701701763e+00 1.207176052040638964e-01
1.202952952952953014e+00 1.207672294384226075e-01
1.204204204204204265e+00 1.208128020668704228e-01
1.205455455455455516e+00 1.208543492966609317e-01
1.206706706706706766e+00 1.208918974112817013e-01
1.207957957957958017e+00 1.209254727659180295e-01
1.209209209209209268e+00 1.209551017830054198e-01
1.210460460460460519e+00 1.209808109478684723e-01
1.211711711711711770e+00 1.210026268044450543e-01
1.212962962962963021e+00 1.210205759510961376e-01
1.214214214214214271e+00 1.210346850364963367e-01
1.215465465465465522e+00 1.210449807556073232e-01
1.216716716716716773e+00 1.210514898457310529e-01
1.217967967967968024e+00 1.210542390826411935e-01
1.219219219219219275e+00 1.210532552767927261e-01
1.220470470470470525e+00 1.210485652696069447e-01
1.221721721721721776e+00 1.210401959298320340e-01
1.222972972972973027e+00 1.210281741499768943e-01
1.224224224224224278e+00 1.210125268428169504e-01
1.225475475475475529e+00 1.209932809379721946e-01
1.226726726726726779e+00 1.209704633785535638e-01
1.227977977977978030e+00 1.209441011178797459e-01
1.229229229229229281e+00 1.209142211162597819e-01
1.230480480480480532e+00 1.208808503378441118e-01
1.231731731731731783e+00 1.208440157475382526e-01
1.232982982982983033e+00 1.208037443079830048e-01
1.234234234234234284e+00 1.207600629765953892e-01
1.235485485485485535e+00 1.207129987026823309e-01
1.236736736736736786e+00 1.206625784245710792e-01
1.237987987987988037e+00 1.206088290668916457e-01
1.239239239239239287e+00 1.205517775378086853e-01
1.240490490490490538e+00 1.204914507263855350e-01
1.241741741741741789e+00 1.204278754999790063e-01
1.242992992992993040e+00 1.203610787016890088e-01
1.244244244244244291e+00 1.202910871478691801e-01
1.245495495495495542e+00 1.202179276256878926e-01
1.246746746746746792e+00 1.201416268907413015e-01
1.247997997997998043e+00 1.200622116647202114e-01
1.249249249249249294e+00 1.199797086331259310e-01
1.250500500500500545e+00 1.198941444430377812e-01
1.251751751751751796e+00 1.198055457009282454e-01
1.253003003003003046e+00 1.197139389705268592e-01
1.254254254254254297e+00 1.196193507707311310e-01
1.255505505505505548e+00 1.195218075735646340e-01
1.256756756756756799e+00 1.194213358021792987e-01
1.258008008008008050e+00 1.193179618289039734e-01
1.259259259259259300e+00 1.192117119733359237e-01
1.260510510510510551e+00 1.191026125004756853e-01
1.261761761761761802e+00 1.189906896189049657e-01
1.263013013013013053e+00 1.188759694790053056e-01
1.264264264264264304e+00 1.187584781712172632e-01
1.265515515515515554e+00 1.186382417243418141e-01
1.266766766766766805e+00 1.185152861038782507e-01
1.268018018018018056e+00 1.183896372104029787e-01
1.269269269269269307e+00 1.182613208779854236e-01
1.270520520520520558e+00 1.181303628726406568e-01
1.271771771771771808e+00 1.179967888908199647e-01
1.273023023023023059e+00 1.178606245579360279e-01
1.274274274274274310e+00 1.177218954269242113e-01
1.275525525525525561e+00 1.175806269768378681e-01
1.276776776776776812e+00 1.174368446114787273e-01
1.278028028028028062e+00 1.172905736580586583e-01
1.279279279279279313e+00 1.171418393658964496e-01
1.280530530530530564e+00 1.169906669051454934e-01
1.281781781781781815e+00 1.168370813655531110e-01
1.283033033033033066e+00 1.166811077552509235e-01
1.284284284284284317e+00 1.165227709995763222e-01
1.285535535535535567e+00 1.163620959399229715e-01
1.286786786786786818e+00 1.161991073326209267e-01
1.288038038038038069e+00 1.160338298478458680e-01
1.289289289289289320e+00 1.158662880685562696e-01
1.290540540540540571e+00 1.156965064894584644e-01
1.291791791791791821e+00 1.155245095159989771e-01
1.293043043043043072e+00 1.153503214633834484e-01
1.294294294294294323e+00 1.151739665556224534e-01
1.295545545545545574e+00 1.149954689246022177e-01
1.296796796796796825e+00 1.148148526091816307e-01
1.298048048048048075e+00 1.146321415543129635e-01
1.299299299299299326e+00 1.144473596101887175e-01
1.300550550550550577e+00 1.142605305314106090e-01
1.301801801801801828e+00 1.140716779761834637e-01
1.303053053053053079e+00 1.138808255055316077e-01
1.304304304304304329e+00 1.136879965825382255e-01
1.305555555555555580e+00 1.134932145716070068e-01
1.306806806806806831e+00 1.132965027377455247e-01
1.308058058058058082e+00 1.130978842458704031e-01
1.309309309309309333e+00 1.128973821601334804e-01
1.310560560560560583e+00 1.126950194432685126e-01
1.311811811811811834e+00 1.124908189559590960e-01
1.313063063063063085e+00 1.122848034562253239e-01
1.314314314314314336e+00 1.120769955988311917e-01
1.315565565565565587e+00 1.118674179347111525e-01
1.316816816816816837e+00 1.116560929104147282e-01
1.318068068068068088e+00 1.114430428675713958e-01
1.319319319319319339e+00 1.112282900423721965e-01
1.320570570570570590e+00 1.110118565650703160e-01
1.321821821821821841e+00 1.107937644594990112e-01
1.323073073073073092e+00 1.105740356426069687e-01
1.324324324324324342e+00 1.103526919240105097e-01
1.325575575575575593e+00 1.101297550055630181e-01
1.326826826826826844e+00 1.099052464809403135e-01
1.328078078078078095e+00 1.096791878352425254e-01
1.329329329329329346e+00 1.094516004446121071e-01
1.330580580580580596e+00 1.092225055758664770e-01
1.331831831831831847e+00 1.089919243861474651e-01
1.333083083083083098e+00 1.087598779225845969e-01
1.334334334334334349e+00 1.085263871219737802e-01
1.335585585585585600e+00 1.082914728104706209e-01
1.336836836836836850e+00 1.080551557032976701e-01
1.338088088088088101e+00 1.078174564044665079e-01
1.339339339339339352e+00 1.075783954065123865e-01
1.340590590590590603e+00 1.073379930902439161e-01
1.341841841841841854e+00 1.070962697245050332e-01
1.343093093093093104e+00 1.068532454659505831e-01
1.344344344344344355e+00 1.066089403588351414e-01
1.345595595595595606e+00 1.063633743348133681e-01
1.346846846846846857e+00 1.061165672127542120e-01
1.348098098098098108e+00 1.058685386985666887e-01
1.349349349349349358e+00 1.056193083850377606e-01
1.350600600600600609e+00 1.053688957516819291e-01
1.351851851851851860e+00 1.051173201646031230e-01
1.353103103103103111e+00 1.048646008763672449e-01
1.354354354354354362e+00 1.046107570258865277e-01
1.355605605605605612e+00 1.043558076383148264e-01
1.356856856856856863e+00 1.040997716249537630e-01
1.358108108108108114e+00 1.038426677831700146e-01
1.359359359359359365e+00 1.035845147963215668e-01
1.360610610610610616e+00 1.033253312336973456e-01
1.361861861861861867e+00 1.030651355504634825e-01
1.363113113113113117e+00 1.028039460876223748e-01
1.364364364364364368e+00 1.025417810719805728e-01
1.365615615615615619e+00 1.022786586161254230e-01
1.366866866866866870e+00 1.020145967184139107e-01
1.368118118118118121e+00 1.017496132629667760e-01
1.369369369369369371e+00 1.014837260196767565e-01
1.370620620620620622e+00 1.012169526442214113e-01
1.371871871871871873e+00 1.009493106780882110e-01
1.373123123123123124e+00 1.006808175486063606e-01
1.374374374374374375e+00 1.004114905689875714e-01
1.375625625625625625e+00 1.001413469383766602e-01
1.376876876876876876e+00 9.987040374190921110e-02
1.378128128128128127e+00 9.959867795077777253e-02
1.379379379379379378e+00 9.932618642230509054e-02
1.380630630630630629e+00 9.905294590003173305e-02
1.381881881881881879e+00 9.877897301378368855e-02
1.383133133133133130e+00 9.850428427981905433e-02
1.384384384384384381e+00 9.822889610087875978e-02
1.385635635635635632e+00 9.795282476632997948e-02
1.386886886886886883e+00 9.767608645227922326e-02
1.388138138138138133e+00 9.739869722169952615e-02
1.389389389389389384e+00 9.712067302456524331e-02
1.390640640640640635e+00 9.684202969799290961e-02
1.391891891891891886e+00 9.656278296638964864e-02
1.393143143143143137e+00 9.628294844160839583e-02
1.394394394394394388e+00 9.600254162310892236e-02
1.395645645645645638e+00 9.572157789812660300e-02
1.396896896896896889e+00 9.544007254184638800e-02
1.398148148148148140e+00 9.515804071758413030e-02
1.399399399399399391e+00 9.487549747697320013e-02
1.400650650650650642e+00 9.459245776015788587e-02
1.401901901901901892e+00 9.430893639599258194e-02
1.403153153153153143e+00 9.402494810224674981e-02
1.404404404404404394e+00 9.374050748581579107e-02
1.405655655655655645e+00 9.345562904293772122e-02
1.406906906906906896e+00 9.317032715941533927e-02
1.408158158158158146e+00 9.288461611084396219e-02
1.409409409409409397e+00 9.259851006284451624e-02
1.410660660660660648e+00 9.231202307130208229e-02
1.411911911911911899e+00 9.202516908260972850e-02
1.413163163163163150e+00 9.173796193391729747e-02
1.414414414414414400e+00 9.145041535338527261e-02
1.415665665665665651e+00 9.116254296044405681e-02
1.416916916916916902e+00 9.087435826605753941e-02
1.418168168168168153e+00 9.058587467299203388e-02
1.419419419419419404e+00 9.029710547608940652e-02
1.420670670670670654e+00 9.000806386254529834e-02
1.421921921921921905e+00 8.971876291219199606e-02
1.423173173173173156e+00 8.942921559778495288e-02
1.424424424424424407e+00 8.913943478529483266e-02
1.425675675675675658e+00 8.884943323420335659e-02
1.426926926926926908e+00 8.855922359780325770e-02
1.428178178178178159e+00 8.826881842350260687e-02
1.429429429429429410e+00 8.797823015313327444e-02
1.430680680680680661e+00 8.768747112326338855e-02
1.431931931931931912e+00 8.739655356551391530e-02
1.433183183183183163e+00 8.710548960687859721e-02
1.434434434434434413e+00 8.681429127004836044e-02
1.435685685685685664e+00 8.652297047373896932e-02
1.436936936936936915e+00 8.623153903302274714e-02
1.438188188188188166e+00 8.594000865966366920e-02
1.439439439439439417e+00 8.564839096245593919e-02
1.440690690690690667e+00 8.535669744756613220e-02
1.441941941941941918e+00 8.506493951887890426e-02
1.443193193193193169e+00 8.477312847834567178e-02
1.444444444444444420e+00 8.448127552633695470e-02
1.445695695695695671e+00 8.418939176199755070e-02
1.446946946946946921e+00 8.389748818360516502e-02
1.448198198198198172e+00 8.360557568893205171e-02
1.449449449449449423e+00 8.331366507560929169e-02
1.450700700700700674e+00 8.302176704149485942e-02
1.451951951951951925e+00 8.272989218504346598e-02
1.453203203203203175e+00 8.243805100568037114e-02
1.454454454454454426e+00 8.214625390417716611e-02
1.455705705705705677e+00 8.185451118303038731e-02
1.456956956956956928e+00 8.156283304684348867e-02
1.458208208208208179e+00 8.127122960271010443e-02
1.459459459459459429e+00 8.097971086060110069e-02
1.460710710710710680e+00 8.068828673375361138e-02
1.461961961961961931e+00 8.039696703906221154e-02
1.463213213213213182e+00 8.010576149747286601e-02
1.464464464464464433e+00 7.981467973437919583e-02
1.465715715715715683e+00 7.952373128002056257e-02
1.466966966966966934e+00 7.923292556988306701e-02
1.468218218218218185e+00 7.894227194510183843e-02
1.469469469469469436e+00 7.865177965286625217e-02
1.470720720720720687e+00 7.836145784682670146e-02
1.471971971971971938e+00 7.807131558750306233e-02
1.473223223223223188e+00 7.778136184269640596e-02
1.474474474474474439e+00 7.749160548790064162e-02
1.475725725725725690e+00 7.720205530671776784e-02
1.476976976976976941e+00 7.691271999127405334e-02
1.478228228228228192e+00 7.662360814263768916e-02
1.479479479479479442e+00 7.633472827123920224e-02
1.480730730730730693e+00 7.604608879729203574e-02
1.481981981981981944e+00 7.575769805121634892e-02
1.483233233233233195e+00 7.546956427406273371e-02
1.484484484484484446e+00 7.518169561793879019e-02
1.485735735735735696e+00 7.489410014643615998e-02
1.486986986986986947e+00 7.460678583505969685e-02
1.488238238238238198e+00 7.431976057165727567e-02
1.489489489489489449e+00 7.403303215685172467e-02
1.490740740740740700e+00 7.374660830447300752e-02
1.491991991991991950e+00 7.346049664199283402e-02
1.493243243243243201e+00 7.317470471095935403e-02
1.494494494494494452e+00 7.288923996743326694e-02
1.495745745745745703e+00 7.260410978242590185e-02
1.496996996996996954e+00 7.231932144233658988e-02
1.498248248248248204e+00 7.203488214939290923e-02
1.499499499499499455e+00 7.175079902209052785e-02
1.500750750750750706e+00 7.146707909563439209e-02
1.502002002002001957e+00 7.118372932238120621e-02
1.503253253253253208e+00 7.090075657228185613e-02
1.504504504504504458e+00 7.061816763332566527e-02
1.505755755755755709e+00 7.033596921198427554e-02
1.507007007007006960e+00 7.005416793365717987e-02
1.508258258258258211e+00 6.977277034311753223e-02
1.509509509509509462e+00 6.949178290495820753e-02
1.510760760760760713e+00 6.921121200403927698e-02
1.512012012012011963e+00 6.893106394593540021e-02
1.513263263263263214e+00 6.865134495738370313e-02
1.514514514514514465e+00 6.837206118673257171e-02
1.515765765765765716e+00 6.809321870439061231e-02
1.517017017017016967e+00 6.781482350327568132e-02
1.518268268268268217e+00 6.753688149926515005e-02
1.519519519519519468e+00 6.725939853164530913e-02
1.520770770770770719e+00 6.698238036356223002e-02
1.522022022022021970e+00 6.670583268247201603e-02
1.523273273273273221e+00 6.642976110059152506e-02
1.524524524524524471e+00 6.615417115534967529e-02
1.525775775775775722e+00 6.587906830983795980e-02
1.527027027027026973e+00 6.560445795326225182e-02
1.528278278278278224e+00 6.533034540139365243e-02
1.529529529529529475e+00 6.505673589701979620e-02
1.530780780780780725e+00 6.478363461039635118e-02
1.532032032032031976e+00 6.451104663969821351e-02
1.533283283283283227e+00 6.423897701147057715e-02
1.534534534534534478e+00 6.396743068108023955e-02
1.535785785785785729e+00 6.369641253316636609e-02
1.537037037037036979e+00 6.342592738209151815e-02
1.538288288288288230e+00 6.315597997239222328e-02
1.539539539539539481e+00 6.288657497922925388e-02
1.540790790790790732e+00 6.261771700883782266e-02
1.542042042042041983e+00 6.234941059897767396e-02
1.543293293293293234e+00 6.208166021938232859e-02
1.544544544544544484e+00 6.181447027220848128e-02
1.545795795795795735e+00 6.154784509248460017e-02
1.547047047047046986e+00 6.128178894855982467e-02
1.548298298298298237e+00 6.101630604255137841e-02
1.549549549549549488e+00 6.075140051079259279e-02
1.550800800800800738e+00 6.048707642427968156e-02
1.552052052052052211e+00 6.022333778911822394e-02
1.553303303303303462e+00 5.996018854696957834e-02
1.554554554554554713e+00 5.969763257549578345e-02
1.555805805805805964e+00 5.943567368880458418e-02
1.557057057057057214e+00 5.917431563789374988e-02
1.558308308308308465e+00 5.891356211109428920e-02
1.559559559559559716e+00 5.865341673451376914e-02
1.560810810810810967e+00 5.839388307247811438e-02
1.562062062062062218e+00 5.813496462797307363e-02
1.563313313313313468e+00 5.787666484308515158e-02
1.564564564564564719e+00 5.761898709944116709e-02
1.565815815815815970e+00 5.736193471864767940e-02
1.567067067067067221e+00 5.710551096272900584e-02
1.568318318318318472e+00 5.684971903456478848e-02
1.569569569569569722e+00 5.659456207832655461e-02
1.570820820820820973e+00 5.634004317991328503e-02
1.572072072072072224e+00 5.608616536738608715e-02
1.573323323323323475e+00 5.583293161140231997e-02
1.574574574574574726e+00 5.558034482564800510e-02
1.575825825825825977e+00 5.532840786727000887e-02
1.577077077077077227e+00 5.507712353730669780e-02
1.578328328328328478e+00 5.482649458111771984e-02
1.579579579579579729e+00 5.457652368881299454e-02
1.580830830830830980e+00 5.432721349568010033e-02
1.582082082082082231e+00 5.407856658261116917e-02
1.583333333333333481e+00 5.383058547652828929e-02
1.584584584584584732e+00 5.358327265080756879e-02
1.585835835835835983e+00 5.333663052570288693e-02
1.587087087087087234e+00 5.309066146876766090e-02
1.588338338338338485e+00 5.284536779527550937e-02
1.589589589589589735e+00 5.260075176864040247e-02
1.590840840840840986e+00 5.235681560083452896e-02
1.592092092092092237e+00 5.211356145280608004e-02
1.593343343343343488e+00 5.187099143489469488e-02
1.594594594594594739e+00 5.162910760724631620e-02
1.595845845845845989e+00 5.138791198022671369e-02
1.597097097097097240e+00 5.114740651483322409e-02
1.598348348348348491e+00 5.090759312310570717e-02
1.599599599599599742e+00 5.066847366853595436e-02
1.600850850850850993e+00 5.043004996647553612e-02
1.602102102102102243e+00 5.019232378454265009e-02
1.603353353353353494e+00 4.995529684302726231e-02
1.604604604604604745e+00 4.971897081529509654e-02
1.605855855855855996e+00 4.948334732819009707e-02
1.607107107107107247e+00 4.924842796243518450e-02
1.608358358358358497e+00 4.901421425303213730e-02
1.609609609609609748e+00 4.878070768965969001e-02
1.610860860860860999e+00 4.854790971706988978e-02
1.612112112112112250e+00 4.831582173548356479e-02
1.613363363363363501e+00 4.808444510098376645e-02
1.614614614614614752e+00 4.785378112590803895e-02
1.615865865865866002e+00 4.762383107923905817e-02
1.617117117117117253e+00 4.739459618699342486e-02
1.618368368368368504e+00 4.716607763260966674e-02
1.619619619619619755e+00 4.693827655733374266e-02
1.620870870870871006e+00 4.671119406060373486e-02
1.622122122122122256e+00 4.648483120043258449e-02
1.623373373373373507e+00 4.625918899378916177e-02
1.624624624624624758e+00 4.603426841697819127e-02
1.625875875875876009e+00 4.581007040601785263e-02
1.627127127127127260e+00 4.558659585701655553e-02
1.628378378378378510e+00 4.536384562654738328e-02
1.629629629629629761e+00 4.514182053202122485e-02
1.630880880880881012e+00 4.492052135205841512e-02
1.632132132132132263e+00 4.469994882685830728e-02
1.633383383383383514e+00 4.448010365856732568e-02
1.634634634634634764e+00 4.426098651164561693e-02
1.635885885885886015e+00 4.404259801323153617e-02
1.637137137137137266e+00 4.382493875350499529e-02
1.638388388388388517e+00 4.360800928604839644e-02
1.639639639639639768e+00 4.339181012820652467e-02
1.640890890890891018e+00 4.317634176144438674e-02
1.642142142142142269e+00 4.296160463170331512e-02
1.643393393393393520e+00 4.274759914975549691e-02
1.644644644644644771e+00 4.253432569155659454e-02
1.645895895895896022e+00 4.232178459859679831e-02
1.647147147147147273e+00 4.210997617824979028e-02
1.648398398398398523e+00 4.189890070412046613e-02
1.649649649649649774e+00 4.168855841639038801e-02
1.650900900900901025e+00 4.147894952216187037e-02
1.652152152152152276e+00 4.127007419579978992e-02
1.653403403403403527e+00 4.106193257927236856e-02
1.654654654654654777e+00 4.085452478248938896e-02
1.655905905905906028e+00 4.064785088363895293e-02
1.657157157157157279e+00 4.044191092952278965e-02
1.658408408408408530e+00 4.023670493588894781e-02
1.659659659659659781e+00 4.003223288776353722e-02
1.660910910910911031e+00 3.982849473978018751e-02
1.662162162162162282e+00 3.962549041650759857e-02
1.663413413413413533e+00 3.942321981277580045e-02
1.664664664664664784e+00 3.922168279399991520e-02
1.665915915915916035e+00 3.902087919650280151e-02
1.667167167167167285e+00 3.882080882783536802e-02
1.668418418418418536e+00 3.862147146709492274e-02
1.669669669669669787e+00 3.842286686524263445e-02
1.670920920920921038e+00 3.822499474541778131e-02
1.672172172172172289e+00 3.802785480325154843e-02
1.673423423423423539e+00 3.783144670717794589e-02
1.674674674674674790e+00 3.763577009874324864e-02
1.675925925925926041e+00 3.744082459291402099e-02
1.677177177177177292e+00 3.724660977838256670e-02
1.678428428428428543e+00 3.705312521787088725e-02
1.679679679679679793e+00 3.686037044843303717e-02
1.680930930930931044e+00 3.666834498175518958e-02
1.682182182182182295e+00 3.647704830445411966e-02
1.683433433433433546e+00 3.628647987837391176e-02
1.684684684684684797e+00 3.609663914088045988e-02
1.685935935935936048e+00 3.590752550515455971e-02
1.687187187187187298e+00 3.571913836048287022e-02
1.688438438438438549e+00 3.553147707254718929e-02
1.689689689689689800e+00 3.534454098371179326e-02
1.690940940940941051e+00 3.515832941330882672e-02
1.692192192192192302e+00 3.497284165792222815e-02
1.693443443443443552e+00 3.478807699166942824e-02
1.694694694694694803e+00 3.460403466648127174e-02
1.695945945945946054e+00 3.442071391238032962e-02
1.697197197197197305e+00 3.423811393775713641e-02
1.698448448448448556e+00 3.405623392964466506e-02
1.699699699699699806e+00 3.387507305399108798e-02
1.700950950950951057e+00 3.369463045593031753e-02
1.702202202202202308e+00 3.351490526005131837e-02
1.703453453453453559e+00 3.333589657066506062e-02
1.704704704704704810e+00 3.315760347206987702e-02
1.705955955955956060e+00 3.298002502881499515e-02
1.707207207207207311e+00 3.280316028596222400e-02
1.708458458458458562e+00 3.262700826934572529e-02
1.709709709709709813e+00 3.245156798583013341e-02
1.710960960960961064e+00 3.227683842356672550e-02
1.712212212212212314e+00 3.210281855224798170e-02
1.713463463463463565e+00 3.192950732335993885e-02
1.714714714714714816e+00 3.175690367043314255e-02
1.715965965965966067e+00 3.158500650929169790e-02
1.717217217217217318e+00 3.141381473830028026e-02
1.718468468468468568e+00 3.124332723860976171e-02
1.719719719719719819e+00 3.107354287440050947e-02
1.720970970970971070e+00 3.090446049312460530e-02
1.722222222222222321e+00 3.073607892574559478e-02
1.723473473473473572e+00 3.056839698697679311e-02
1.724724724724724823e+00 3.040141347551780782e-02
1.725975975975976073e+00 3.023512717428925023e-02
1.727227227227227324e+00 3.006953685066567072e-02
1.728478478478478575e+00 2.990464125670674878e-02
1.729729729729729826e+00 2.974043912938655748e-02
1.730980980980981077e+00 2.957692919082157562e-02
1.732232232232232327e+00 2.941411014849619129e-02
1.733483483483483578e+00 2.925198069548716473e-02
1.734734734734734829e+00 2.909053951068603719e-02
1.735985985985986080e+00 2.892978525901953799e-02
1.737237237237237331e+00 2.876971659166899231e-02
1.738488488488488581e+00 2.861033214628724494e-02
1.739739739739739832e+00 2.845163054721422044e-02
1.740990990990991083e+00 2.829361040569093599e-02
1.742242242242242334e+00 2.813627032007129380e-02
1.743493493493493585e+00 2.797960887603274938e-02
1.744744744744744835e+00 2.782362464678489467e-02
1.745995995995996086e+00 2.766831619327640365e-02
1.747247247247247337e+00 2.751368206440048605e-02
1.748498498498498588e+00 2.735972079719841896e-02
1.749749749749749839e+00 2.720643091706159700e-02
1.751001001001001089e+00 2.705381093793182354e-02
1.752252252252252340e+00 2.690185936249984283e-02
1.753503503503503591e+00 2.675057468240244624e-02
1.754754754754754842e+00 2.659995537841771188e-02
1.756006006006006093e+00 2.644999992065876979e-02
1.757257257257257343e+00 2.630070676876580457e-02
1.758508508508508594e+00 2.615207437209642397e-02
1.759759759759759845e+00 2.600410116991458756e-02
1.761011011011011096e+00 2.585678559157763082e-02
1.762262262262262347e+00 2.571012605672190129e-02
1.763513513513513598e+00 2.556412097544668791e-02
1.764764764764764848e+00 2.541876874849661669e-02
1.766016016016016099e+00 2.527406776744240552e-02
1.767267267267267350e+00 2.513001641485999860e-02
1.768518518518518601e+00 2.498661306450817091e-02
1.769769769769769852e+00 2.484385608150465122e-02
1.771021021021021102e+00 2.470174382250046874e-02
1.772272272272272353e+00 2.456027463585290851e-02
1.773523523523523604e+00 2.441944686179693333e-02
1.774774774774774855e+00 2.427925883261481538e-02
1.776026026026026106e+00 2.413970887280462302e-02
1.777277277277277356e+00 2.400079529924681668e-02
1.778528528528528607e+00 2.386251642136952983e-02
1.779779779779779858e+00 2.372487054131235118e-02
1.781031031031031109e+00 2.358785595408826458e-02
1.782282282282282360e+00 2.345147094774469032e-02
1.783533533533533610e+00 2.331571380352250381e-02
1.784784784784784861e+00 2.318058279601364902e-02
1.786036036036036112e+00 2.304607619331767651e-02
1.787287287287287363e+00 2.291219225719617544e-02
1.788538538538538614e+00 2.277892924322639373e-02
1.789789789789789864e+00 2.264628540095288411e-02
1.791041041041041115e+00 2.251425897403786305e-02
1.792292292292292366e+00 2.238284820041039000e-02
1.793543543543543617e+00 2.225205131241368359e-02
1.794794794794794868e+00 2.212186653695131372e-02
1.796046046046046119e+00 2.199229209563187751e-02
1.797297297297297369e+00 2.186332620491219375e-02
1.798548548548548620e+00 2.173496707623933516e-02
1.799799799799799871e+00 2.160721291619085299e-02
1.801051051051051122e+00 2.148006192661404412e-02
1.802302302302302373e+00 2.135351230476363951e-02
1.803553553553553623e+00 2.122756224343792450e-02
1.804804804804804874e+00 2.110220993111403334e-02
1.806056056056056125e+00 2.097745355208128354e-02
1.807307307307307376e+00 2.085329128657346584e-02
1.808558558558558627e+00 2.072972131089994424e-02
1.809809809809809877e+00 2.060674179757496921e-02
1.811061061061061128e+00 2.048435091544608191e-02
1.812312312312312379e+00 2.036254682982107170e-02
1.813563563563563630e+00 2.024132770259345557e-02
1.814814814814814881e+00 2.012069169236695501e-02
1.816066066066066131e+00 2.000063695457839075e-02
1.817317317317317382e+00 1.988116164161946378e-02
1.818568568568568633e+00 1.976226390295730481e-02
1.819819819819819884e+00 1.964394188525343463e-02
1.821071071071071135e+00 1.952619373248190224e-02
1.822322322322322385e+00 1.940901758604585484e-02
1.823573573573573636e+00 1.929241158489291078e-02
1.824824824824824887e+00 1.917637386562947438e-02
1.826076076076076138e+00 1.906090256263345481e-02
1.827327327327327389e+00 1.894599580816622858e-02
1.828578578578578639e+00 1.883165173248300267e-02
1.829829829829829890e+00 1.871786846394201884e-02
1.831081081081081141e+00 1.860464412911289750e-02
1.832332332332332392e+00 1.849197685288327814e-02
1.833583583583583643e+00 1.837986475856467211e-02
1.834834834834834894e+00 1.826830596799701445e-02
1.836086086086086144e+00 1.815729860165183826e-02
1.837337337337337395e+00 1.804684077873472056e-02
1.838588588588588646e+00 1.793693061728613564e-02
1.839839839839839897e+00 1.782756623428146184e-02
1.841091091091091148e+00 1.771874574572976022e-02
1.842342342342342398e+00 1.761046726677121393e-02
1.843593593593593649e+00 1.750272891177390502e-02
1.844844844844844900e+00 1.739552879442900907e-02
1.846096096096096151e+00 1.728886502784508436e-02
1.847347347347347402e+00 1.718273572464140350e-02
1.848598598598598652e+00 1.707713899703986252e-02
1.849849849849849903e+00 1.697207295695607812e-02
1.851101101101101154e+00 1.686753571608932273e-02
1.852352352352352405e+00 1.676352538601133535e-02
1.853603603603603656e+00 1.666004007825412983e-02
1.854854854854854906e+00 1.655707790439672755e-02
1.856106106106106157e+00 1.645463697615088747e-02
1.857357357357357408e+00 1.635271540544577101e-02
1.858608608608608659e+00 1.625131130451144823e-02
1.859859859859859910e+00 1.615042278596164407e-02
1.861111111111111160e+00 1.605004796287522531e-02
1.862362362362362411e+00 1.595018494887683394e-02
1.863613613613613662e+00 1.585083185821643467e-02
1.864864864864864913e+00 1.575198680584782504e-02
1.866116116116116164e+00 1.565364790750639959e-02
1.867367367367367414e+00 1.555581327978560781e-02
1.868618618618618665e+00 1.545848104021261757e-02
1.869869869869869916e+00 1.536164930732307476e-02
1.871121121121121167e+00 1.526531620073473539e-02
1.872372372372372418e+00 1.516947984122032217e-02
1.873623623623623669e+00 1.507413835077924327e-02
1.874874874874874919e+00 1.497928985270862746e-02
1.876126126126126170e+00 1.488493247167317277e-02
1.877377377377377421e+00 1.479106433377420926e-02
1.878628628628628672e+00 1.469768356661794138e-02
1.879879879879879923e+00 1.460478829938255396e-02
1.881131131131131173e+00 1.451237666288457927e-02
1.882382382382382424e+00 1.442044678964438109e-02
1.883633633633633675e+00 1.432899681395063095e-02
1.884884884884884926e+00 1.423802487192407130e-02
1.886136136136136177e+00 1.414752910158027788e-02
1.887387387387387427e+00 1.405750764289154936e-02
1.888638638638638678e+00 1.396795863784814143e-02
1.889889889889889929e+00 1.387888023051840787e-02
1.891141141141141180e+00 1.379027056710816455e-02
1.892392392392392431e+00 1.370212779601932135e-02
1.893643643643643681e+00 1.361445006790763454e-02
1.894894894894894932e+00 1.352723553573952943e-02
1.896146146146146183e+00 1.344048235484832446e-02
1.897397397397397434e+00 1.335418868298938674e-02
1.898648648648648685e+00 1.326835268039474811e-02
1.899899899899899935e+00 1.318297250982670282e-02
1.901151151151151186e+00 1.309804633663080690e-02
1.902402402402402437e+00 1.301357232878794928e-02
1.903653653653653688e+00 1.292954865696569443e-02
1.904904904904904939e+00 1.284597349456895361e-02
1.906156156156156189e+00 1.276284501778973852e-02
1.907407407407407440e+00 1.268016140565627302e-02
1.908658658658658691e+00 1.259792084008125312e-02
1.909909909909909942e+00 1.251612150590958837e-02
1.911161161161161193e+00 1.243476159096510054e-02
1.912412412412412444e+00 1.235383928609667774e-02
1.913663663663663694e+00 1.227335278522382646e-02
1.914914914914914945e+00 1.219330028538105452e-02
1.916166166166166196e+00 1.211367998676221927e-02
1.917417417417417447e+00 1.203449009276349319e-02
1.918668668668668698e+00 1.195572881002618208e-02
1.919919919919919948e+00 1.187739434847846429e-02
1.921171171171171199e+00 1.179948492137660593e-02
1.922422422422422450e+00 1.172199874534560204e-02
1.923673673673673701e+00 1.164493404041894338e-02
1.924924924924924952e+00 1.156828903007785930e-02
1.926176176176176202e+00 1.149206194128984428e-02
1.927427427427427453e+00 1.141625100454648351e-02
1.928678678678678704e+00 1.134085445390079112e-02
1.929929929929929955e+00 1.126587052700374000e-02
1.931181181181181206e+00 1.119129746514025033e-02
1.932432432432432456e+00 1.111713351326455712e-02
1.933683683683683707e+00 1.104337692003477464e-02
1.934934934934934958e+00 1.097002593784720571e-02
1.936186186186186209e+00 1.089707882286968486e-02
1.937437437437437460e+00 1.082453383507448255e-02
1.938688688688688710e+00 1.075238923827059705e-02
1.939939939939939961e+00 1.068064330013544609e-02
1.941191191191191212e+00 1.060929429224591151e-02
1.942442442442442463e+00 1.053834049010891720e-02
1.943693693693693714e+00 1.046778017319136347e-02
1.944944944944944965e+00 1.039761162494947863e-02
1.946196196196196215e+00 1.032783313285758411e-02
1.947447447447447466e+00 1.025844298843638265e-02
1.948698698698698717e+00 1.018943948728062363e-02
1.949949949949949968e+00 1.012082092908626191e-02
1.951201201201201219e+00 1.005258561767704249e-02
1.952452452452452469e+00 9.984731861030578595e-03
1.953703703703703720e+00 9.917257971303768821e-03
1.954954954954954971e+00 9.850162264857941982e-03
1.956206206206206222e+00 9.783443062283255984e-03
1.957457457457457473e+00 9.717098688422669966e-03
1.958708708708708723e+00 9.651127472395378687e-03
1.959959959959959974e+00 9.585527747619714337e-03
1.961211211211211225e+00 9.520297851835689273e-03
1.962462462462462476e+00 9.455436127126844864e-03
1.963713713713713727e+00 9.390940919941748177e-03
1.964964964964964977e+00 9.326810581114942239e-03
1.966216216216216228e+00 9.263043465887388014e-03
1.967467467467467479e+00 9.199637933926568117e-03
1.968718718718718730e+00 9.136592349345950409e-03
1.969969969969969981e+00 9.073905080724076894e-03
1.971221221221221231e+00 9.011574501123205058e-03
1.972472472472472482e+00 8.949598988107371547e-03
1.973723723723723733e+00 8.887976923760173079e-03
1.974974974974974984e+00 8.826706694702082454e-03
1.976226226226226235e+00 8.765786692107068942e-03
1.977477477477477485e+00 8.705215311719182239e-03
1.978728728728728736e+00 8.644990953868341918e-03
1.979979979979979987e+00 8.585112023485937799e-03
1.981231231231231238e+00 8.525576930119932451e-03
1.982482482482482489e+00 8.466384087949471032e-03
1.983733733733733740e+00 8.407531915799184088e-03
1.984984984984984990e+00 8.349018837153051459e-03
1.986236236236236241e+00 8.290843280167773527e-03
1.987487487487487492e+00 8.233003677685942975e-03
1.988738738738738743e+00 8.175498467248553877e-03
1.989989989989989994e+00 8.118326091107401499e-03
1.991241241241241244e+00 8.061484996236854134e-03
1.992492492492492495e+00 8.004973634345317890e-03
1.993743743743743746e+00 7.948790461886465555e-03
1.994994994994994997e+00 7.892933940069853105e-03
1.996246246246246248e+00 7.837402534871383553e-03
1.997497497497497498e+00 7.782194717043236509e-03
1.998748748748748749e+00 7.727308962123471611e-03
2.000000000000000000e+00 7.672743750445420313e-03
