# Wavelength(um) Reflectance(%)
7.500000000000000000e-01 1.468340994622660718e-02
7.512512512512512508e-01 1.358056718148652371e-02
7.525025025025025016e-01 1.230439034958778766e-02
7.537537537537537524e-01 1.089725854557267552e-02
7.550050050050050032e-01 9.405799167980137890e-03
7.562562562562562540e-01 7.879433264887754015e-03
7.575075075075075048e-01 6.368812376005171180e-03
7.587587587587587556e-01 4.924190165544562597e-03
7.600100100100100065e-01 3.593779990939657224e-03
7.612612612612612573e-01 2.422155951218157247e-03
7.625125125125125081e-01 1.448758785421634708e-03
7.637637637637637589e-01 7.065682812604721355e-04
7.650150150150150097e-01 2.209999614934121670e-04
7.662662662662662605e-01 9.075546292218254527e-06
7.675175175175175113e-01 7.890437563781066736e-05
7.687687687687687621e-01 4.294974684990726372e-04
7.700200200200200129e-01 1.050918476723914762e-03
7.712712712712712637e-01 1.924758007678101582e-03
7.725225225225225145e-01 3.024901241002703883e-03
7.737737737737737653e-01 4.318544886399320812e-03
7.750250250250250161e-01 5.767409403377796694e-03
7.762762762762762669e-01 7.329086636598249223e-03
7.775275275275275177e-01 8.958461699820778612e-03
7.787787787787787686e-01 1.060915067647976925e-02
7.800300300300300194e-01 1.223490172977560395e-02
7.812812812812812702e-01 1.379091553311285502e-02
7.825325325325325210e-01 1.523505046836162377e-02
7.837837837837837718e-01 1.652888778103394837e-02
7.850350350350350226e-01 1.763864097938663833e-02
7.862862862862862734e-01 1.853590159860665082e-02
7.875375375375375242e-01 1.919821965264434036e-02
7.887887887887887750e-01 1.960952153631983011e-02
7.900400400400400258e-01 1.976037089646460326e-02
7.912912912912912766e-01 1.964807929956623525e-02
7.925425425425425274e-01 1.927667372922977490e-02
7.937937937937937782e-01 1.865672745376363573e-02
7.950450450450450290e-01 1.780506003268614648e-02
7.962962962962962798e-01 1.674431158114672580e-02
7.975475475475475307e-01 1.550239623284431142e-02
7.987987987987987815e-01 1.411184030879145991e-02
8.000500500500500323e-01 1.260901218790095799e-02
8.013013013013012831e-01 1.103325334854755695e-02
8.025525525525525339e-01 9.425923445106107468e-03
8.038038038038037847e-01 7.829376407570500657e-03
8.050550550550550355e-01 6.285889090148903333e-03
8.063063063063062863e-01 4.836568526709362180e-03
8.075575575575575371e-01 3.520267887267087593e-03
8.088088088088087879e-01 2.372544257393449305e-03
8.100600600600600387e-01 1.424692903005269707e-03
8.113113113113112895e-01 7.028923541218124859e-04
8.125625625625625403e-01 2.274922140417259494e-04
8.138138138138137911e-01 1.247104319414186986e-05
8.150650650650650419e-01 6.508516597783685288e-05
8.163163163163162928e-01 3.857212016391335066e-04
8.175675675675675436e-01 9.679560986652948609e-04
8.188188188188187944e-01 1.798819140983926902e-03
8.200700700700700452e-01 2.859241512170265179e-03
8.213213213213212960e-01 4.124671220262362929e-03
8.225725725725725468e-01 5.565825045608699916e-03
8.238238238238237976e-01 7.149545042110272072e-03
8.250750750750750484e-01 8.839725153715505268e-03
8.263263263263262992e-01 1.059827364912344430e-02
8.275775775775775500e-01 1.238607909121591626e-02
8.288288288288288008e-01 1.416395106901073217e-02
8.300800800800800516e-01 1.589351147256606173e-02
8.313313313313313024e-01 1.753801720475916398e-02
8.325825825825825532e-01 1.906310044424128908e-02
8.338338338338338041e-01 2.043741751263187731e-02
8.350850850850850549e-01 2.163320175773780774e-02
8.363363363363363057e-01 2.262671944529747250e-02
8.375875875875875565e-01 2.339863035535525576e-02
8.388388388388388073e-01 2.393425659510635753e-02
8.400900900900900581e-01 2.422376412968768600e-02
8.413413413413413089e-01 2.426226181213947744e-02
8.425925925925925597e-01 2.404982241656108966e-02
8.438438438438438105e-01 2.359142951790900444e-02
8.450950950950950613e-01 2.289685319872776861e-02
8.463463463463463121e-01 2.198045667439784204e-02
8.475975975975975629e-01 2.086093517866991973e-02
8.488488488488488137e-01 1.956098798482823475e-02
8.501001001001000645e-01 1.810692437279602315e-02
8.513513513513513153e-01 1.652820477422648621e-02
8.526026026026025662e-01 1.485691928296280218e-02
8.538538538538538170e-01 1.312720721008961942e-02
8.551051051051050678e-01 1.137462334594916899e-02
8.563563563563563186e-01 9.635458970481670243e-03
8.576076076076075694e-01 7.946028283633400566e-03
8.588588588588588202e-01 6.341933621375507590e-03
8.601101101101100710e-01 4.857325359180443211e-03
8.613613613613613218e-01 3.524174545637200930e-03
8.626126126126125726e-01 2.371577819480660560e-03
8.638638638638638234e-01 1.425114835418397549e-03
8.651151151151150742e-01 7.062780998556189615e-04
8.663663663663663250e-01 2.319937104805270579e-04
8.676176176176175758e-01 1.424900420527718918e-05
8.688688688688688266e-01 5.983964052696795315e-05
8.701201201201200774e-01 3.702443667206109512e-04
8.713713713713713283e-01 9.416308883892758217e-04
8.726226226226225791e-01 1.764991217327602138e-03
8.738738738738738299e-01 2.826399924228616654e-03
8.751251251251250807e-01 4.107384211518695302e-03
8.763763763763763315e-01 5.585390924299001025e-03
8.776276276276275823e-01 7.234332749765241648e-03
8.788788788788788331e-01 9.025194047244106468e-03
8.801301301301300839e-01 1.092667604026615821e-02
8.813813813813813347e-01 1.290586143919474765e-02
8.826326326326325855e-01 1.492887982326695194e-02
8.838838838838838363e-01 1.696155711410538003e-02
8.851351351351350871e-01 1.897003500512496610e-02
8.863863863863863379e-01 2.092134904844838300e-02
8.876376376376375887e-01 2.278395702810104284e-02
8.888888888888888395e-01 2.452821207591071931e-02
8.901401401401400904e-01 2.612677756142108704e-02
8.913913913913913412e-01 2.755498299747955598e-02
8.926426426426425920e-01 2.879112197955049218e-02
8.938938938938938428e-01 2.981669448917924001e-02
8.951451451451450936e-01 3.061659674425393912e-02
8.963963963963963444e-01 3.117926220185145494e-02
8.976476476476475952e-01 3.149675736473479121e-02
8.988988988988988460e-01 3.156483577483099046e-02
9.001501501501500968e-01 3.138295306897587178e-02
9.014014014014013476e-01 3.095424530007264557e-02
9.026526526526525984e-01 3.028547196674963304e-02
9.039039039039038492e-01 2.938692442046248604e-02
9.051551551551551000e-01 2.827229960047497950e-02
9.064064064064063508e-01 2.695853844853281570e-02
9.076576576576576016e-01 2.546562793388799581e-02
9.089089089089088525e-01 2.381636542505270390e-02
9.101601601601601033e-01 2.203608421678835555e-02
9.114114114114113541e-01 2.015233938688819337e-02
9.126626626626626049e-01 1.819455383018161315e-02
9.139139139139138557e-01 1.619362529275009122e-02
9.151651651651651065e-01 1.418149648387639385e-02
9.164164164164163573e-01 1.219069183179592730e-02
9.176676676676676081e-01 1.025382610508578270e-02
9.189189189189188589e-01 8.403091856889548586e-03
9.201701701701701097e-01 6.669734358729899164e-03
9.214214214214213605e-01 5.083524256567720917e-03
9.226726726726726113e-01 3.672239481131737201e-03
9.239239239239238621e-01 2.461168858868964786e-03
9.251751751751751129e-01 1.472650295259947395e-03
9.264264264264263637e-01 7.256562601329796976e-04
9.276776776776776146e-01 2.354385509580233225e-04
9.289289289289288654e-01 1.324294245775101418e-05
9.301801801801801162e-01 6.610239194331326597e-05
9.314314314314313670e-01 3.967150465862263713e-04
9.326826826826826178e-01 1.003410517524544856e-03
9.339339339339338686e-01 1.880204902053395207e-03
9.351851851851851194e-01 3.016942021895295794e-03
9.364364364364363702e-01 4.399515477713750178e-03
9.376876876876876210e-01 6.010163560180666401e-03
9.389389389389388718e-01 7.827826942736018992e-03
9.401901901901901226e-01 9.828557511181772177e-03
9.414414414414413734e-01 1.198596571830721699e-02
9.426926926926926242e-01 1.427169350117100249e-02
9.439439439439438750e-01 1.665590003562728710e-02
9.451951951951951258e-01 1.910774836221327405e-02
9.464464464464463767e-01 2.159588210727677454e-02
9.476976976976976275e-01 2.408888303352831745e-02
9.489489489489488783e-01 2.655570186842271668e-02
9.502002002002001291e-01 2.896605666258190645e-02
9.514514514514514909e-01 3.129079471976214250e-02
9.527027027027027417e-01 3.350221582618137517e-02
9.539539539539539925e-01 3.557435602100284672e-02
9.552052052052052433e-01 3.748323244228601164e-02
9.564564564564564941e-01 3.920705082431676786e-02
9.577077077077077449e-01 4.072637800113018680e-02
9.589589589589589957e-01 4.202428229038133317e-02
9.602102102102102466e-01 4.308644490633978946e-02
9.614614614614614974e-01 4.390124560389133818e-02
9.627127127127127482e-01 4.445982561585187787e-02
9.639639639639639990e-01 4.475613064531859531e-02
9.652152152152152498e-01 4.478693624606944201e-02
9.664664664664665006e-01 4.455185739968964276e-02
9.677177177177177514e-01 4.405334350960254941e-02
9.689689689689690022e-01 4.329665940951568648e-02
9.702202202202202530e-01 4.228985235548926580e-02
9.714714714714715038e-01 4.104370436418452311e-02
9.727227227227227546e-01 3.957166870114038615e-02
9.739739739739740054e-01 3.788978883776350504e-02
9.752252252252252562e-01 3.601659780905706876e-02
9.764764764764765070e-01 3.397299564012553480e-02
9.777277277277277578e-01 3.178210239114183377e-02
9.789789789789790087e-01 2.946908441851571470e-02
9.802302302302302595e-01 2.706095168194080219e-02
9.814814814814815103e-01 2.458632435532218455e-02
9.827327327327327611e-01 2.207516762995643048e-02
9.839839839839840119e-01 1.955849442773559266e-02
9.852352352352352627e-01 1.706803675674174042e-02
9.864864864864865135e-01 1.463588761550853323e-02
9.877377377377377643e-01 1.229411664623066523e-02
9.889889889889890151e-01 1.007436409897581597e-02
9.902402402402402659e-01 8.007419034009576400e-03
9.914914914914915167e-01 6.122788983413679151e-03
9.927427427427427675e-01 4.448269436081499391e-03
9.939939939939940183e-01 3.009522420759756182e-03
9.952452452452452691e-01 1.829674063881142664e-03
9.964964964964965199e-01 9.289412278802412293e-04
9.977477477477477708e-01 3.242971446478115530e-04
9.989989989989990216e-01 2.918532427765256073e-05
1.000250250250250161e+00 5.328994520939891387e-05
1.001501501501501412e+00 4.023694513337056750e-04
1.002752752752752663e+00 1.078158256284710969e-03
1.004004004004003914e+00 2.078339371829293711e-03
1.005255255255255165e+00 3.396588542212367751e-03
1.006506506506506415e+00 5.022688197366309906e-03
1.007757757757757666e+00 6.942707355466032695e-03
1.009009009009008917e+00 9.139241623213207807e-03
1.010260260260260168e+00 1.159170575907793321e-02
1.011511511511511419e+00 1.427666995693083196e-02
1.012762762762762669e+00 1.716823012466629425e-02
1.014014014014013920e+00 2.023840199503119247e-02
1.015265265265265171e+00 2.345752890594464055e-02
1.016516516516516422e+00 2.679469349157809904e-02
1.017767767767767673e+00 3.021812427877035995e-02
1.019019019019018923e+00 3.369558921676777535e-02
1.020270270270270174e+00 3.719476940393098841e-02
1.021521521521521425e+00 4.068360763311244105e-02
1.022772772772772676e+00 4.413062778146450288e-02
1.024024024024023927e+00 4.750522245191508841e-02
1.025275275275275177e+00 5.077790757494108492e-02
1.026526526526526428e+00 5.392054385587197879e-02
1.027777777777777679e+00 5.690652597316275124e-02
1.029029029029028930e+00 5.971094127822637598e-02
1.030280280280280181e+00 6.231070040991941450e-02
1.031531531531531432e+00 6.468464271870202897e-02
1.032782782782782682e+00 6.681361970616907231e-02
1.034034034034033933e+00 6.868055983954510224e-02
1.035285285285285184e+00 7.027051811555098948e-02
1.036536536536536435e+00 7.157071364282102666e-02
1.037787787787787686e+00 7.257055830580515232e-02
1.039039039039038936e+00 7.326167928379968830e-02
1.040290290290290187e+00 7.363793784250678709e-02
1.041541541541541438e+00 7.369544640633036992e-02
1.042792792792792689e+00 7.343258546911984874e-02
1.044044044044043940e+00 7.285002141885525695e-02
1.045295295295295190e+00 7.195072584558974416e-02
1.046546546546546441e+00 7.073999637833765231e-02
1.047797797797797692e+00 6.922547856134074473e-02
1.049049049049048943e+00 6.741718773909075035e-02
1.050300300300300194e+00 6.532752937921831871e-02
1.051551551551551444e+00 6.297131573085404388e-02
1.052802802802802695e+00 6.036577620348247686e-02
1.054054054054053946e+00 5.753055837046665982e-02
1.055305305305305197e+00 5.448771606825845992e-02
1.056556556556556448e+00 5.126168069625437057e-02
1.057807807807807698e+00 4.787921154583803934e-02
1.059059059059058949e+00 4.436932082607453198e-02
1.060310310310310200e+00 4.076316903533026836e-02
1.061561561561561451e+00 3.709392648117117164e-02
1.062812812812812702e+00 3.339659710260568098e-02
1.064064064064063952e+00 2.970780132277146129e-02
1.065315315315315203e+00 2.606551547423182139e-02
1.066566566566566454e+00 2.250876640126654726e-02
1.067817817817817705e+00 1.907728114963514604e-02
1.069069069069068956e+00 1.581109318447403503e-02
1.070320320320320207e+00 1.275010829364991473e-02
1.071571571571571457e+00 9.933635180142997428e-03
1.072822822822822708e+00 7.399887647226571774e-03
1.074074074074073959e+00 5.185467141173971846e-03
1.075325325325325210e+00 3.324836132024546961e-03
1.076576576576576461e+00 1.849794270159482766e-03
1.077827827827827711e+00 7.889703425459463097e-04
1.079079079079078962e+00 1.673436647608833572e-04
1.080330330330330213e+00 5.808600116691940960e-06
1.081581581581581464e+00 3.207953410405874474e-04
1.082832832832832715e+00 1.123958902376961770e-03
1.084084084084083965e+00 2.421946485042513440e-03
1.085335335335335216e+00 4.216251037941056400e-03
1.086586586586586467e+00 6.503156083130096077e-03
1.087837837837837718e+00 9.273773814576396698e-03
1.089089089089088969e+00 1.251417529876413387e-02
1.090340340340340219e+00 1.620560847113035677e-02
1.091591591591591470e+00 2.032479670787034481e-02
1.092842842842842721e+00 2.484430821337850828e-02
1.094094094094093972e+00 2.973298442606222072e-02
1.095345345345345223e+00 3.495641419832705432e-02
1.096596596596596473e+00 4.047743969658586238e-02
1.097847847847847724e+00 4.625667979672010849e-02
1.099099099099098975e+00 5.225305718191729926e-02
1.100350350350350226e+00 5.842431631129451491e-02
1.101601601601601477e+00 6.472752082199789703e-02
1.102852852852852727e+00 7.111952064193723111e-02
1.104104104104103978e+00 7.755738100670707402e-02
1.105355355355355229e+00 8.399876757793575677e-02
1.106606606606606480e+00 9.040228384768224379e-02
1.107857857857857731e+00 9.672775889701562546e-02
1.109109109109108982e+00 1.029364852889207427e-01
1.110360360360360232e+00 1.089914083687469754e-01
1.111611611611611483e+00 1.148572694923950116e-01
1.112862862862862734e+00 1.205007066941269633e-01
1.114114114114113985e+00 1.258903170480456801e-01
1.115365365365365236e+00 1.309966854877283315e-01
1.116616616616616486e+00 1.357923851532877035e-01
1.117867867867867737e+00 1.402519544653464956e-01
1.119119119119118988e+00 1.443518561148546819e-01
1.120370370370370239e+00 1.480704230396187593e-01
1.121621621621621490e+00 1.513877962648240982e-01
1.122872872872872740e+00 1.542858592443125398e-01
1.124124124124123991e+00 1.567481730767339432e-01
1.125375375375375242e+00 1.587599167065325001e-01
1.126626626626626493e+00 1.603078359699496025e-01
1.127877877877877744e+00 1.613802051224921819e-01
1.129129129129128994e+00 1.619668042938488817e-01
1.130380380380380245e+00 1.620589161620201168e-01
1.131631631631631496e+00 1.616493450195264081e-01
1.132882882882882747e+00 1.607324613158068460e-01
1.134134134134133998e+00 1.593042746921143893e-01
1.135385385385385248e+00 1.573625384646928083e-01
1.136636636636636499e+00 1.549068884403219659e-01
1.137887887887887750e+00 1.519390188416699650e-01
1.139139139139139001e+00 1.484628979484473033e-01
1.140390390390390252e+00 1.444850257876766630e-01
1.141641641641641503e+00 1.400147357885177524e-01
1.142892892892892753e+00 1.350645417023753070e-01
1.144144144144144004e+00 1.296505302177180519e-01
1.145395395395395255e+00 1.237927985041824136e-01
1.146646646646646506e+00 1.175159343294157055e-01
1.147897897897897757e+00 1.108495343293109947e-01
1.149149149149149007e+00 1.038287534052609040e-01
1.150400400400400258e+00 9.649487500855828681e-02
1.151651651651651731e+00 8.889588821151017672e-02
1.152902902902902982e+00 8.108705295349330489e-02
1.154154154154154233e+00 7.313142973943305425e-02
1.155405405405405483e+00 6.510034448766370552e-02
1.156656656656656734e+00 5.707375340638166233e-02
1.157907907907907985e+00 4.914046708274846104e-02
1.159159159159159236e+00 4.139818790474598942e-02
1.160410410410410487e+00 3.395331116980176978e-02
1.161661661661661737e+00 2.692043858389850039e-02
1.162912912912912988e+00 2.042155425495502039e-02
1.164164164164164239e+00 1.458481871513232948e-02
1.165415415415415490e+00 9.542946882617862545e-03
1.166666666666666741e+00 5.431151886056188871e-03
1.167917917917917991e+00 2.384658602280851497e-03
1.169169169169169242e+00 5.358182604827447203e-04
1.170420420420420493e+00 1.088740092871385747e-05
1.171671671671671744e+00 9.265687846087358476e-04
1.172922922922922995e+00 3.386445562672645102e-03
1.174174174174174246e+00 7.477469429169307340e-03
1.175425425425425496e+00 1.326668453232585088e-02
1.176676676676676747e+00 2.079837772800476395e-02
1.177927927927927998e+00 3.009183928828051968e-02
1.179179179179179249e+00 4.113989489449828424e-02
1.180430430430430500e+00 5.390833012568670146e-02
1.181681681681681750e+00 6.833627540805553569e-02
1.182932932932933001e+00 8.433755728996344958e-02
1.184184184184184252e+00 1.018029572082207873e-01
1.185435435435435503e+00 1.206032584692033616e-01
1.186686686686686754e+00 1.405929123849486706e-01
1.187937937937938004e+00 1.616141203485139122e-01
1.189189189189189255e+00 1.835011129277278885e-01
1.190440440440440506e+00 2.060844101714423837e-01
1.191691691691691757e+00 2.291948673112626234e-01
1.192942942942943008e+00 2.526673431568862704e-01
1.194194194194194258e+00 2.763438699252285247e-01
1.195445445445445509e+00 3.000762479678800720e-01
1.196696696696696760e+00 3.237280322935892629e-01
1.197947947947948011e+00 3.471759163170355933e-01
1.199199199199199262e+00 3.703105495257034696e-01
1.200450450450450512e+00 3.930368486121608163e-01
1.201701701701701763e+00 4.152738760240164417e-01
1.202952952952953014e+00 4.369543666152662653e-01
1.204204204204204265e+00 4.580239834339364102e-01
1.205455455455455516e+00 4.784403791846302267e-01
1.206706706706706766e+00 4.981721321029923821e-01
1.207957957957958017e+00 5.171976152649543357e-01
1.209209209209209268e+00 5.355038478819217351e-01
1.210460460460460519e+00 5.530853667815843755e-01
1.211711711711711770e+00 5.699431466533932955e-01
1.212962962962963021e+00 5.860835891214719595e-01
1.214214214214214271e+00 6.015175934771898048e-01
1.215465465465465522e+00 6.162597159967836413e-01
1.216716716716716773e+00 6.303274201251045650e-01
1.217967967967968024e+00 6.437404163012481195e-01
1.219219219219219275e+00 6.565200876819141662e-01
1.220470470470470525e+00 6.686889963181213981e-01
1.221721721721721776e+00 6.802704633016501967e-01
1.222972972972973027e+00 6.912882158725914827e-01
1.224224224224224278e+00 7.017660943414981700e-01
1.225475475475475529e+00 7.117278118216836535e-01
1.226726726726726779e+00 7.211967601015459861e-01
1.227977977977978030e+00 7.301958554443388483e-01
1.229229229229229281e+00 7.387474186302995793e-01
1.230480480480480532e+00 7.468730841135250431e-01
1.231731731731731783e+00 7.545937337250260279e-01
1.232982982982983033e+00 7.619294508938406763e-01
1.234234234234234284e+00 7.688994918671778755e-01
1.235485485485485535e+00 7.755222708804756504e-01
1.236736736736736786e+00 7.818153566551850897e-01
1.237987987987988037e+00 7.877954779845048883e-01
1.239239239239239287e+00 7.934785365074383812e-01
1.240490490490490538e+00 7.988796250689798040e-01
1.241741741741741789e+00 8.040130503249668381e-01
1.242992992992993040e+00 8.088923584748662909e-01
1.244244244244244291e+00 8.135303631994109663e-01
1.245495495495495542e+00 8.179391750456012078e-01
1.246746746746746792e+00 8.221302316422811618e-01
1.247997997997998043e+00 8.261143282487355410e-01
1.249249249249249294e+00 8.299016482390044747e-01
1.250500500500500545e+00 8.335017932087243064e-01
1.251751751751751796e+00 8.369238124613860297e-01
1.253003003003003046e+00 8.401762316890948323e-01
1.254254254254254297e+00 8.432670807108610944e-01
1.255505505505505548e+00 8.462039201709270486e-01
1.256756756756756799e+00 8.489938671316625829e-01
1.258008008008008050e+00 8.516436195216308125e-01
1.259259259259259300e+00 8.541594794202658214e-01
1.260510510510510551e+00 8.565473751771899291e-01
1.261761761761761802e+00 8.588128823772755993e-01
1.263013013013013053e+00 8.609612436725861961e-01
1.264264264264264304e+00 8.629973875100379610e-01
1.265515515515515554e+00 8.649259457892508607e-01
1.266766766766766805e+00 8.667512704890809605e-01
1.268018018018018056e+00 8.684774493040644527e-01
1.269269269269269307e+00 8.701083203335896465e-01
1.270520520520520558e+00 8.716474858674267967e-01
1.271771771771771808e+00 8.730983253113190345e-01
1.273023023023023059e+00 8.744640072959358745e-01
1.274274274274274310e+00 8.757475010116105851e-01
1.275525525525525561e+00 8.769515868101455114e-01
1.276776776776776812e+00 8.780788661135908724e-01
1.278028028028028062e+00 8.791317706683230426e-01
1.279279279279279313e+00 8.801125711811167429e-01
1.280530530530530564e+00 8.810233853721499697e-01
1.281781781781781815e+00 8.818661854781275622e-01
1.283033033033033066e+00 8.826428052369396093e-01
1.284284284284284317e+00 8.833549463834972082e-01
1.285535535535535567e+00 8.840041846846928841e-01
1.286786786786786818e+00 8.845919755397172457e-01
1.288038038038038069e+00 8.851196591703627270e-01
1.289289289289289320e+00 8.855884654243501020e-01
1.290540540540540571e+00 8.859995182132380798e-01
1.291791791791791821e+00 8.863538396049888135e-01
1.293043043043043072e+00 8.866523535899538677e-01
1.294294294294294323e+00 8.868958895376750640e-01
1.295545545545545574e+00 8.870851853607009119e-01
1.296796796796796825e+00 8.872208904004333929e-01
1.298048048048048075e+00 8.873035680489091970e-01
1.299299299299299326e+00 8.873336981193897799e-01
1.300550550550550577e+00 8.873116789776237523e-01
1.301801801801801828e+00 8.872378294447590408e-01
1.303053053053053079e+00 8.871123904819697703e-01
1.304304304304304329e+00 8.869355266660863268e-01
1.305555555555555580e+00 8.867073274647153669e-01
1.306806806806806831e+00 8.864278083186523105e-01
1.308058058058058082e+00 8.860969115387050676e-01
1.309309309309309333e+00 8.857145070234168083e-01
1.310560560560560583e+00 8.852803928036195869e-01
1.311811811811811834e+00 8.847942954191896359e-01
1.313063063063063085e+00 8.842558701328944171e-01
1.314314314314314336e+00 8.836647009857617752e-01
1.315565565565565587e+00 8.830203006979764346e-01
1.316816816816816837e+00 8.823221104189582498e-01
1.318068068068068088e+00 8.815694993298923698e-01
1.319319319319319339e+00 8.807617641017476684e-01
1.320570570570570590e+00 8.798981282114874958e-01
1.321821821821821841e+00 8.789777411190355938e-01
1.323073073073073092e+00 8.779996773073143190e-01
1.324324324324324342e+00 8.769629351876024881e-01
1.325575575575575593e+00 8.758664358723321497e-01
1.326826826826826844e+00 8.747090218174358167e-01
1.328078078078078095e+00 8.734894553363689029e-01
1.329329329329329346e+00 8.722064169879932827e-01
1.330580580580580596e+00 8.708585038406694290e-01
1.331831831831831847e+00 8.694442276150818882e-01
1.333083083083083098e+00 8.679620127086241643e-01
1.334334334334334349e+00 8.664101941044898281e-01
1.335585585585585600e+00 8.647870151690926210e-01
1.336836836836836850e+00 8.630906253419474705e-01
1.338088088088088101e+00 8.613190777227882622e-01
1.339339339339339352e+00 8.594703265614581644e-01
1.340590590590590603e+00 8.575422246569752716e-01
1.341841841841841854e+00 8.555325206731992926e-01
1.343093093093093104e+00 8.534388563796848626e-01
1.344344344344344355e+00 8.512587638276460922e-01
1.345595595595595606e+00 8.489896624724670993e-01
1.346846846846846857e+00 8.466288562559133313e-01
1.348098098098098108e+00 8.441735306631233948e-01
1.349349349349349358e+00 8.416207497716473585e-01
1.350600600600600609e+00 8.389674533122285505e-01
1.351851851851851860e+00 8.362104537637257140e-01
1.353103103103103111e+00 8.333464335076380403e-01
1.354354354354354362e+00 8.303719420710181653e-01
1.355605605605605612e+00 8.272833934903093267e-01
1.356856856856856863e+00 8.240770638327311604e-01
1.358108108108108114e+00 8.207490889163929770e-01
1.359359359359359365e+00 8.172954622752546250e-01
1.360610610610610616e+00 8.137120334205288907e-01
1.361861861861861867e+00 8.099945064560251096e-01
1.363113113113113117e+00 8.061384391114460035e-01
1.364364364364364368e+00 8.021392422646091980e-01
1.365615615615615619e+00 7.979921800311600144e-01
1.366866866866866870e+00 7.936923705084948377e-01
1.368118118118118121e+00 7.892347872693020738e-01
1.369369369369369371e+00 7.846142617094479244e-01
1.370620620620620622e+00 7.798254863647695601e-01
1.371871871871871873e+00 7.748630193216887729e-01
1.373123123123123124e+00 7.697212898574483653e-01
1.374374374374374375e+00 7.643946054569228377e-01
1.375625625625625625e+00 7.588771603646133901e-01
1.376876876876876876e+00 7.531630458420249807e-01
1.378128128128128127e+00 7.472462623124407344e-01
1.379379379379379378e+00 7.411207335865666046e-01
1.380630630630630629e+00 7.347803233736304174e-01
1.381881881881881879e+00 7.282188542927545694e-01
1.383133133133133130e+00 7.214301296087134441e-01
1.384384384384384381e+00 7.144079579236413124e-01
1.385635635635635632e+00 7.071461810619149579e-01
1.386886886886886883e+00 6.996387053882195950e-01
1.388138138138138133e+00 6.918795367983313627e-01
1.389389389389389384e+00 6.838628196176158580e-01
1.390640640640640635e+00 6.755828796325910046e-01
1.391891891891891886e+00 6.670342714656316563e-01
1.393143143143143137e+00 6.582118304803840081e-01
1.394394394394394388e+00 6.491107293752880203e-01
1.395645645645645638e+00 6.397265395830804557e-01
1.396896896896896889e+00 6.300552975444434489e-01
1.398148148148148140e+00 6.200935758628505212e-01
1.399399399399399391e+00 6.098385592739079542e-01
1.400650650650650642e+00 5.992881252753429200e-01
1.401901901901901892e+00 5.884409291622385574e-01
1.403153153153153143e+00 5.772964930956088203e-01
1.404404404404404394e+00 5.658552987009038970e-01
1.405655655655655645e+00 5.541188825465603873e-01
1.406906906906906896e+00 5.420899336921293221e-01
1.408158158158158146e+00 5.297723923223680575e-01
1.409409409409409397e+00 5.171715483001798619e-01
1.410660660660660648e+00 5.042941382804682071e-01
1.411911911911911899e+00 4.911484398334486912e-01
1.413163163163163150e+00 4.777443608343381332e-01
1.414414414414414400e+00 4.640935221936566824e-01
1.415665665665665651e+00 4.502093318356496510e-01
1.416916916916916902e+00 4.361070476901073301e-01
1.418168168168168153e+00 4.218038273547241035e-01
1.419419419419419404e+00 4.073187620204772874e-01
1.420670670670670654e+00 3.926728922421351409e-01
1.421921921921921905e+00 3.778892031891552539e-01
1.423173173173173156e+00 3.629925971388005546e-01
1.424424424424424407e+00 3.480098411805440106e-01
1.425675675675675658e+00 3.329694883948145501e-01
1.426926926926926908e+00 3.179017711527660772e-01
1.428178178178178159e+00 3.028384656566440736e-01
1.429429429429429410e+00 2.878127273976801015e-01
1.430680680680680661e+00 2.728588978417995636e-01
1.431931931931931912e+00 2.580122833483600164e-01
1.433183183183183163e+00 2.433089080657379333e-01
1.434434434434434413e+00 2.287852433065590274e-01
1.435685685685685664e+00 2.144779166580569330e-01
1.436936936936936915e+00 2.004234048004898128e-01
1.438188188188188166e+00 1.866577146571765655e-01
1.439439439439439417e+00 1.732160580538245342e-01
1.440690690690690667e+00 1.601325254929983899e-01
1.441941941941941918e+00 1.474397649272945754e-01
1.443193193193193169e+00 1.351686715227953250e-01
1.444444444444444420e+00 1.233480943295332255e-01
1.445695695695695671e+00 1.120045655145034680e-01
1.446946946946946921e+00 1.011620573688411517e-01
1.448198198198198172e+00 9.084177168754190013e-02
1.449449449449449423e+00 8.106196535902303324e-02
1.450700700700700674e+00 7.183781512142807524e-02
1.451951951951951925e+00 6.318132347699859097e-02
1.453203203203203175e+00 5.510126674344032610e-02
1.454454454454454426e+00 4.760318520098427014e-02
1.455705705705705677e+00 4.068941430500345319e-02
1.456956956956956928e+00 3.435915501230705354e-02
1.458208208208208179e+00 2.860858044597582722e-02
1.459459459459459429e+00 2.343097542417773085e-02
1.460710710710710680e+00 1.881690482068179918e-02
1.461961961961961931e+00 1.475440631967646007e-02
1.463213213213213182e+00 1.122920287792901657e-02
1.464464464464464433e+00 8.224930109424044566e-03
1.465715715715715683e+00 5.723373851581588581e-03
1.466966966966966934e+00 3.704713342816477132e-03
1.468218218218218185e+00 2.147765720070708619e-03
1.469469469469469436e+00 1.030227911082496868e-03
1.470720720720720687e+00 3.289124275666906552e-04
1.471971971971971938e+00 1.997404044295062980e-05
1.473223223223223188e+00 7.912481616600214264e-05
1.474474474474474439e+00 4.818354954179747212e-04
1.475725725725725690e+00 1.203521685817329507e-03
1.476976976976976941e+00 2.219713805539332181e-03
1.478228228228228192e+00 3.506210144500072554e-03
1.479479479479479442e+00 5.039212796555919693e-03
1.480730730730730693e+00 6.795446555320642026e-03
1.481981981981981944e+00 8.752261155355928537e-03
1.483233233233233195e+00 1.088771747949545191e-02
1.484484484484484446e+00 1.318065854339780206e-02
1.485735735735735696e+00 1.561076621289351346e-02
1.486986986986986947e+00 1.815860471217762770e-02
1.488238238238238198e+00 2.080565204573519428e-02
1.489489489489489449e+00 2.353432048890209682e-02
1.490740740740740700e+00 2.632796730605171248e-02
1.491991991991991950e+00 2.917089683626641200e-02
1.493243243243243201e+00 3.204835504862621476e-02
1.494494494494494452e+00 3.494651761708226362e-02
1.495745745745745703e+00 3.785247250201419222e-02
1.496996996996996954e+00 4.075419795547250562e-02
1.498248248248248204e+00 4.364053679243322381e-02
1.499499499499499455e+00 4.650116769379020187e-02
1.500750750750750706e+00 4.932657423006314018e-02
1.502002002002001957e+00 5.210801221963481944e-02
1.503253253253253208e+00 5.483747596290471787e-02
1.504504504504504458e+00 5.750766382499627322e-02
1.505755755755755709e+00 6.011194357521650738e-02
1.507007007007006960e+00 6.264431783177333568e-02
1.508258258258258211e+00 6.509938990546350335e-02
1.509509509509509462e+00 6.747233028632945717e-02
1.510760760760760713e+00 6.975884397245310509e-02
1.512012012012011963e+00 7.195513880008158614e-02
1.513263263263263214e+00 7.405789489885310217e-02
1.514514514514514465e+00 7.606423536480164116e-02
1.515765765765765716e+00 7.797169821672325640e-02
1.517017017017016967e+00 7.977820967810383967e-02
1.518268268268268217e+00 8.148205880676490098e-02
1.519519519519519468e+00 8.308187347743943574e-02
1.520770770770770719e+00 8.457659770821512879e-02
1.522022022022021970e+00 8.596547031000435768e-02
1.523273273273273221e+00 8.724800482854234984e-02
1.524524524524524471e+00 8.842397074065613816e-02
1.525775775775775722e+00 8.949337586045355564e-02
1.527027027027026973e+00 9.045644990640315519e-02
1.528278278278278224e+00 9.131362917684468505e-02
1.529529529529529475e+00 9.206554227908129995e-02
1.530780780780780725e+00 9.271299685571401938e-02
1.532032032032031976e+00 9.325696725114879237e-02
1.533283283283283227e+00 9.369858306109032919e-02
1.534534534534534478e+00 9.403911850825255603e-02
1.535785785785785729e+00 9.427998258834939527e-02
1.537037037037036979e+00 9.442270993160843673e-02
1.538288288288288230e+00 9.446895232650769081e-02
1.539539539539539481e+00 9.442047085409374652e-02
1.540790790790790732e+00 9.427912858307901933e-02
1.542042042042041983e+00 9.404688377786137032e-02
1.543293293293293234e+00 9.372578357365012047e-02
1.544544544544544484e+00 9.331795807497687834e-02
1.545795795795795735e+00 9.282561483599861829e-02
1.547047047047046986e+00 9.225103368314635510e-02
1.548298298298298237e+00 9.159656184281381175e-02
1.549549549549549488e+00 9.086460933891851721e-02
1.550800800800800738e+00 9.005764462727405828e-02
1.552052052052052211e+00 8.917819043580327287e-02
1.553303303303303462e+00 8.822881978167720907e-02
1.554554554554554713e+00 8.721215213847552383e-02
1.555805805805805964e+00 8.613084972846184184e-02
1.557057057057057214e+00 8.498761391700299095e-02
1.558308308308308465e+00 8.378518168807204403e-02
1.559559559559559716e+00 8.252632218164884792e-02
1.560810810810810967e+00 8.121383327565948052e-02
1.562062062062062218e+00 7.985053819689592880e-02
1.563313313313313468e+00 7.843928214711581859e-02
1.564564564564564719e+00 7.698292893223759870e-02
1.565815815815815970e+00 7.548435758424135167e-02
1.567067067067067221e+00 7.394645896702471688e-02
1.568318318318318472e+00 7.237213235906846120e-02
1.569569569569569722e+00 7.076428200735329632e-02
1.570820820820820973e+00 6.912581364846924481e-02
1.572072072072072224e+00 6.745963099436320942e-02
1.573323323323323475e+00 6.576863218160292068e-02
1.574574574574574726e+00 6.405570618441354391e-02
1.575825825825825977e+00 6.232372919308803993e-02
1.577077077077077227e+00 6.057556096064723589e-02
1.578328328328328478e+00 5.881404112183510891e-02
1.579579579579579729e+00 5.704198548970635524e-02
1.580830830830830980e+00 5.526218233611388669e-02
1.582082082082082231e+00 5.347738866345359832e-02
1.583333333333333481e+00 5.169032647591153412e-02
1.584584584584584732e+00 4.990367905933914411e-02
1.585835835835835983e+00 4.812008727962573812e-02
1.587087087087087234e+00 4.634214591010695633e-02
1.588338338338338485e+00 4.457239999912709916e-02
1.589589589589589735e+00 4.281334128934707189e-02
1.590840840840840986e+00 4.106740470075835592e-02
1.592092092092092237e+00 3.933696488964462390e-02
1.593343343343343488e+00 3.762433289589276614e-02
1.594594594594594739e+00 3.593175289111307652e-02
1.595845845845845989e+00 3.426139903999678854e-02
1.597097097097097240e+00 3.261537248716697701e-02
1.598348348348348491e+00 3.099569848155317442e-02
1.599599599599599742e+00 2.940432364993687125e-02
1.600850850850850993e+00 2.784311343088543417e-02
1.602102102102102243e+00 2.631384967973210767e-02
1.603353353353353494e+00 2.481822845462483204e-02
1.604604604604604745e+00 2.335785799295448176e-02
1.605855855855855996e+00 2.193425688667025378e-02
1.607107107107107247e+00 2.054885246412126859e-02
1.608358358358358497e+00 1.920297938514576794e-02
1.609609609609609748e+00 1.789787845513085909e-02
1.610860860860860999e+00 1.663469566275159808e-02
1.612112112112112250e+00 1.541448144502285782e-02
1.613363363363363501e+00 1.423819018221393271e-02
1.614614614614614752e+00 1.310667992405853237e-02
1.615865865865866002e+00 1.202071234758149594e-02
1.617117117117117253e+00 1.098095294574571480e-02
1.618368368368368504e+00 9.987971445015793315e-03
1.619619619619619755e+00 9.042242448851262396e-03
1.620870870870871006e+00 8.144146303086541652e-03
1.622122122122122256e+00 7.293970178129215685e-03
1.623373373373373507e+00 6.491909361942397629e-03
1.624624624624624758e+00 5.738068756841656001e-03
1.625875875875876009e+00 5.032464572280322471e-03
1.627127127127127260e+00 4.375026204991998811e-03
1.628378378378378510e+00 3.765598297124327955e-03
1.629629629629629761e+00 3.203942962340753514e-03
1.630880880880881012e+00 2.689742169285612178e-03
1.632132132132132263e+00 2.222600271296093586e-03
1.633383383383383514e+00 1.802046670828473356e-03
1.634634634634634764e+00 1.427538606720195032e-03
1.635885885885886015e+00 1.098464052146820667e-03
1.637137137137137266e+00 8.141447109564472952e-04
1.638388388388388517e+00 5.738390999598580238e-04
1.639639639639639768e+00 3.767457047325598507e-04
1.640890890890891018e+00 2.220061965370137569e-04
1.642142142142142269e+00 1.087086980922018193e-04
1.643393393393393520e+00 3.589108611065693413e-05
1.644644644644644771e+00 2.544318772831419854e-06
1.645895895895896022e+00 7.615776621867960377e-06
1.647147147147147273e+00 5.001260572514790452e-05
1.648398398398398523e+00 1.286050523629942636e-04
1.649649649649649774e+00 2.422297789608900413e-04
1.650900900900901025e+00 3.896931514758621108e-04
1.652152152152152276e+00 5.697744889743480961e-04
1.653403403403403527e+00 7.812292666917755807e-04
1.654654654654654777e+00 1.022792264439681973e-03
1.655905905905906028e+00 1.293180652817577016e-03
1.657157157157157279e+00 1.591097010289259546e-03
1.658408408408408530e+00 1.915232264792919581e-03
1.659659659659659781e+00 2.264268554166236173e-03
1.660910910910911031e+00 2.636882000275868852e-03
1.662162162162162282e+00 3.031745392345533419e-03
1.663413413413413533e+00 3.447530775566795547e-03
1.664664664664664784e+00 3.882911941660129821e-03
1.665915915915916035e+00 4.336566818613719378e-03
1.667167167167167285e+00 4.807179757375231073e-03
1.668418418418418536e+00 5.293443713793235562e-03
1.669669669669669787e+00 5.794062324602662455e-03
1.670920920920921038e+00 6.307751876731096906e-03
1.672172172172172289e+00 6.833243169642153753e-03
1.673423423423423539e+00 7.369283270861295108e-03
1.674674674674674790e+00 7.914637165219076675e-03
1.675925925925926041e+00 8.468089298712689825e-03
1.677177177177177292e+00 9.028445018223401480e-03
1.678428428428428543e+00 9.594531908635574660e-03
1.679679679679679793e+00 1.016520102917959842e-02
1.680930930930931044e+00 1.073932805107500818e-02
1.682182182182182295e+00 1.131581429877280033e-02
1.683433433433433546e+00 1.189358769729103975e-02
1.684684684684684797e+00 1.247160362831094965e-02
1.685935935935936048e+00 1.304884569784522767e-02
1.687187187187187298e+00 1.362432641841437864e-02
1.688438438438438549e+00 1.419708780876369897e-02
1.689689689689689800e+00 1.476620191423373869e-02
1.690940940940941051e+00 1.533077125095707455e-02
1.692192192192192302e+00 1.588992917708518388e-02
1.693443443443443552e+00 1.644284019428316965e-02
1.694694694694694803e+00 1.698870018272427909e-02
1.695945945945946054e+00 1.752673657281179215e-02
1.697197197197197305e+00 1.805620845683310674e-02
1.698448448448448556e+00 1.857640664371213932e-02
1.699699699699699806e+00 1.908665365998144306e-02
1.700950950950951057e+00 1.958630370003866875e-02
1.702202202202202308e+00 2.007474252868476222e-02
1.703453453453453559e+00 2.055138733887003355e-02
1.704704704704704810e+00 2.101568656749098346e-02
1.705955955955956060e+00 2.146711967200029200e-02
1.707207207207207311e+00 2.190519687049702000e-02
1.708458458458458562e+00 2.232945884787096436e-02
1.709709709709709813e+00 2.273947643048159634e-02
1.710960960960961064e+00 2.313485023174584668e-02
1.712212212212212314e+00 2.351521027091523636e-02
1.713463463463463565e+00 2.388021556721647148e-02
1.714714714714714816e+00 2.422955371142643602e-02
1.715965965965966067e+00 2.456294041685783830e-02
1.717217217217217318e+00 2.488011905162110585e-02
1.718468468468468568e+00 2.518086015393580790e-02
1.719719719719719819e+00 2.546496093216398665e-02
1.720970970970971070e+00 2.573224475114132756e-02
1.722222222222222321e+00 2.598256060628848299e-02
1.723473473473473572e+00 2.621578258689504295e-02
1.724724724724724823e+00 2.643180932987811496e-02
1.725975975975976073e+00 2.663056346523319518e-02
1.727227227227227324e+00 2.681199105431317578e-02
1.728478478478478575e+00 2.697606102199062370e-02
1.729729729729729826e+00 2.712276458368542351e-02
1.730980980980981077e+00 2.725211466816478134e-02
1.732232232232232327e+00 2.736414533695682647e-02
1.733483483483483578e+00 2.745891120115244097e-02
1.734734734734734829e+00 2.753648683630803909e-02
1.735985985985986080e+00 2.759696619610644761e-02
1.737237237237237331e+00 2.764046202537540423e-02
1.738488488488488581e+00 2.766710527301531608e-02
1.739739739739739832e+00 2.767704450533863686e-02
1.740990990990991083e+00 2.767044532027959636e-02
1.742242242242242334e+00 2.764748976289258323e-02
1.743493493493493585e+00 2.760837574251946355e-02
1.744744744744744835e+00 2.755331645197182586e-02
1.745995995995996086e+00 2.748253978904264400e-02
1.747247247247247337e+00 2.739628778063347286e-02
1.748498498498498588e+00 2.729481600975694131e-02
1.749749749749749839e+00 2.717839304565229652e-02
1.751001001001001089e+00 2.704729987722984813e-02
1.752252252252252340e+00 2.690182935004311465e-02
1.753503503503503591e+00 2.674228560697168924e-02
1.754754754754754842e+00 2.656898353278286384e-02
1.756006006006006093e+00 2.638224820273089508e-02
1.757257257257257343e+00 2.618241433534038848e-02
1.758508508508508594e+00 2.596982574951517062e-02
1.759759759759759845e+00 2.574483482610574747e-02
1.761011011011011096e+00 2.550780197406522440e-02
1.762262262262262347e+00 2.525909510131919486e-02
1.763513513513513598e+00 2.499908909047577482e-02
1.764764764764764848e+00 2.472816527949683874e-02
1.766016016016016099e+00 2.444671094745786213e-02
1.767267267267267350e+00 2.415511880551878682e-02
1.768518518518518601e+00 2.385378649323614819e-02
1.769769769769769852e+00 2.354311608034634698e-02
1.771021021021021102e+00 2.322351357415381595e-02
1.772272272272272353e+00 2.289538843266394549e-02
1.773523523523523604e+00 2.255915308360166571e-02
1.774774774774774855e+00 2.221522244946596766e-02
1.776026026026026106e+00 2.186401347877075727e-02
1.777277277277277356e+00 2.150594468363164341e-02
1.778528528528528607e+00 2.114143568386134264e-02
1.779779779779779858e+00 2.077090675774156958e-02
1.781031031031031109e+00 2.039477839964574934e-02
1.782282282282282360e+00 2.001347088469040969e-02
1.783533533533533610e+00 1.962740384059745088e-02
1.784784784784784861e+00 1.923699582695627755e-02
1.786036036036036112e+00 1.884266392207482876e-02
1.787287287287287363e+00 1.844482331761496466e-02
1.788538538538538614e+00 1.804388692120964185e-02
1.789789789789789864e+00 1.764026496726126686e-02
1.791041041041041115e+00 1.723436463612238942e-02
1.792292292292292366e+00 1.682658968186261095e-02
1.793543543543543617e+00 1.641734006882302963e-02
1.794794794794794868e+00 1.600701161716176074e-02
1.796046046046046119e+00 1.559599565759380892e-02
1.797297297297297369e+00 1.518467869552128473e-02
1.798548548548548620e+00 1.477344208475698042e-02
1.799799799799799871e+00 1.436266171103094992e-02
1.801051051051051122e+00 1.395270768547189968e-02
1.802302302302302373e+00 1.354394404825006760e-02
1.803553553553553623e+00 1.313672848255921510e-02
1.804804804804804874e+00 1.273141203911161597e-02
1.806056056056056125e+00 1.232833887131324323e-02
1.807307307307307376e+00 1.192784598127513175e-02
1.808558558558558627e+00 1.153026297681296157e-02
1.809809809809809877e+00 1.113591183957193635e-02
1.811061061061061128e+00 1.074510670441007620e-02
1.812312312312312379e+00 1.035815365015612874e-02
1.813563563563563630e+00 9.975350501852314061e-03
1.814814814814814881e+00 9.596986644576276093e-03
1.816066066066066131e+00 9.223342848926067289e-03
1.817317317317317382e+00 8.854691108238539263e-03
1.818568568568568633e+00 8.491294487598118057e-03
1.819819819819819884e+00 8.133406984677377105e-03
1.821071071071071135e+00 7.781273402440962508e-03
1.822322322322322385e+00 7.435129233723405603e-03
1.823573573573573636e+00 7.095200557681523648e-03
1.824824824824824887e+00 6.761703948105694632e-03
1.826076076076076138e+00 6.434846393557330096e-03
1.827327327327327389e+00 6.114825229285980775e-03
1.828578578578578639e+00 5.801828080864494114e-03
1.829829829829829890e+00 5.496032819461844389e-03
1.831081081081081141e+00 5.197607528664160981e-03
1.832332332332332392e+00 4.906710482730165628e-03
1.833583583583583643e+00 4.623490136160912471e-03
1.834834834834834894e+00 4.348085124442064957e-03
1.836086086086086144e+00 4.080624275805262886e-03
1.837337337337337395e+00 3.821226633840858755e-03
1.838588588588588646e+00 3.570001490776346376e-03
1.839839839839839897e+00 3.327048431227441327e-03
1.841091091091091148e+00 3.092457386207946111e-03
1.842342342342342398e+00 2.866308697177015041e-03
1.843593593593593649e+00 2.648673189888527037e-03
1.844844844844844900e+00 2.439612257792834679e-03
1.846096096096096151e+00 2.239177954734029863e-03
1.847347347347347402e+00 2.047413096671271346e-03
1.848598598598598652e+00 1.864351372144973026e-03
1.849849849849849903e+00 1.690017461198120748e-03
1.851101101101101154e+00 1.524427162453931457e-03
1.852352352352352405e+00 1.367587528044180399e-03
1.853603603603603656e+00 1.219497006073302827e-03
1.854854854854854906e+00 1.080145590298252139e-03
1.856106106106106157e+00 9.495149766974066976e-04
1.857357357357357408e+00 8.275787265961426654e-04
1.858608608608608659e+00 7.143024360131097240e-04
1.859859859859859910e+00 6.096439108873015576e-04
1.861111111111111160e+00 5.135533478422513480e-04
1.862362362362362411e+00 4.259735201422434133e-04
1.863613613613613662e+00 3.468399684935974305e-04
1.864864864864864913e+00 2.760811963435793768e-04
1.866116116116116164e+00 2.136188693285796087e-04
1.867367367367367414e+00 1.593680185251263211e-04
1.868618618618618665e+00 1.132372471573194590e-04
1.869869869869869916e+00 7.512894041724891875e-05
1.871121121121121167e+00 4.493947805690829355e-05
1.872372372372372418e+00 2.255944941388515022e-05
1.873623623623623669e+00 7.873870536647566815e-06
1.874874874874874919e+00 7.624030797495451161e-07
1.876126126126126170e+00 1.099574644568743187e-06
1.877377377377377421e+00 8.755000246264061964e-06
1.878628628628628672e+00 2.359360459408672186e-05
1.879879879879879923e+00 4.547584487845820458e-05
1.881131131131131173e+00 7.425793376527789935e-05
1.882382382382382424e+00 1.097920623052590238e-04
1.883633633633633675e+00 1.519266224738122500e-04
1.884884884884884926e+00 2.005064290651845397e-04
1.886136136136136177e+00 2.553729406727983024e-04
1.887387387387387427e+00 3.163644794968309892e-04
1.888638638638638678e+00 3.833164497282580798e-04
1.889889889889889929e+00 4.560615542689795189e-04
1.891141141141141180e+00 5.344300095557254779e-04
1.892392392392392431e+00 6.182497582657914877e-04
1.893643643643643681e+00 7.073466796923934870e-04
1.894894894894894932e+00 8.015447975866273403e-04
1.896146146146146183e+00 9.006664852734924502e-04
1.897397397397397434e+00 1.004532667858991672e-03
1.898648648648648685e+00 1.112963021355535846e-03
1.899899899899899935e+00 1.225776168562460683e-03
1.901151151151151186e+00 1.342789871548904059e-03
1.902402402402402437e+00 1.463821220595920569e-03
1.903653653653653688e+00 1.588686819464108944e-03
1.904904904904904939e+00 1.717202966863547913e-03
1.906156156156156189e+00 1.849185834011764966e-03
1.907407407407407440e+00 1.984451638175686698e-03
1.908658658658658691e+00 2.122816812101419991e-03
1.909909909909909942e+00 2.264098169246895123e-03
1.911161161161161193e+00 2.408113064739354856e-03
1.912412412412412444e+00 2.554679551990387664e-03
1.913663663663663694e+00 2.703616534907607189e-03
1.914914914914914945e+00 2.854743915653027656e-03
1.916166166166166196e+00 3.007882737903231924e-03
1.917417417417417447e+00 3.162855325577980381e-03
1.918668668668668698e+00 3.319485417007699262e-03
1.919919919919919948e+00 3.477598294520647167e-03
1.921171171171171199e+00 3.637020909436751524e-03
1.922422422422422450e+00 3.797582002460539018e-03
1.923673673673673701e+00 3.959112219474866974e-03
1.924924924924924952e+00 4.121444222741297778e-03
1.926176176176176202e+00 4.284412797519745152e-03
1.927427427427427453e+00 4.447854954126392694e-03
1.928678678678678704e+00 4.611610025452540611e-03
1.929929929929929955e+00 4.775519759975145086e-03
1.931181181181181206e+00 4.939428410291606293e-03
1.932432432432432456e+00 5.103182817218495509e-03
1.933683683683683707e+00 5.266632489497259824e-03
1.934934934934934958e+00 5.429629679152814768e-03
1.936186186186186209e+00 5.592029452558543688e-03
1.937437437437437460e+00 5.753689757260178374e-03
1.938688688688688710e+00 5.914471484618065433e-03
1.939939939939939961e+00 6.074238528328034133e-03
1.941191191191191212e+00 6.232857838885838032e-03
1.942442442442442463e+00 6.390199474060947668e-03
1.943693693693693714e+00 6.546136645449379850e-03
1.944944944944944965e+00 6.700545761176689846e-03
1.946196196196196215e+00 6.853306464823924991e-03
1.947447447447447466e+00 7.004301670652233504e-03
1.948698698698698717e+00 7.153417595201741648e-03
1.949949949949949968e+00 7.300543785343150370e-03
1.951201201201201219e+00 7.445573142860754945e-03
1.952452452452452469e+00 7.588401945647374469e-03
1.953703703703703720e+00 7.728929865590927761e-03
1.954954954954954971e+00 7.867059983235087997e-03
1.956206206206206222e+00 8.002698799295441395e-03
1.957457457457457473e+00 8.135756243113774835e-03
1.958708708708708723e+00 8.266145678132330588e-03
1.959959959959959974e+00 8.393783904471308760e-03
1.961211211211211225e+00 8.518591158691062731e-03
1.962462462462462476e+00 8.640491110822816345e-03
1.963713713713713727e+00 8.759410858748067907e-03
1.964964964964964977e+00 8.875280920009550462e-03
1.966216216216216228e+00 8.988035221134569111e-03
1.967467467467467479e+00 9.097611084550752056e-03
1.968718718718718730e+00 9.203949213174524371e-03
1.969969969969969981e+00 9.306993672751369753e-03
1.971221221221221231e+00 9.406691872025682577e-03
1.972472472472472482e+00 9.502994540818508751e-03
1.973723723723723733e+00 9.595855706088280215e-03
1.974974974974974984e+00 9.685232666051315012e-03
1.976226226226226235e+00 9.771085962435505090e-03
1.977477477477477485e+00 9.853379350941124035e-03
1.978728728728728736e+00 9.932079769980459508e-03
1.979979979979979987e+00 1.000715730776746172e-02
1.981231231231231238e+00 1.007858516782719586e-02
1.982482482482482489e+00 1.014633963299382824e-02
1.983733733733733740e+00 1.021040002796418274e-02
1.984984984984984990e+00 1.027074868047309075e-02
1.986236236236236241e+00 1.032737088115564389e-02
1.987487487487487492e+00 1.038025484215923666e-02
1.988738738738738743e+00 1.042939165456840088e-02
1.989989989989989994e+00 1.047477524470268213e-02
1.991241241241241244e+00 1.051640232934790593e-02
1.992492492492492495e+00 1.055427236997872643e-02
1.993743743743743746e+00 1.058838752602958913e-02
1.994994994994994997e+00 1.061875260727021195e-02
1.996246246246246248e+00 1.064537502533994227e-02
1.997497497497497498e+00 1.066826474449420609e-02
1.998748748748748749e+00 1.068743423161534756e-02
2.000000000000000000e+00 1.070289840553827372e-02
